set title " congTraffLoss"
set xlabel 'Time (sec)'
set ylabel 'Loss Fraction'
set style data lines
set yrange[-0.100000:1.100000]
set key bottom right
plot \
'-' using 1:2 t 'UDP,::ffff:10.1.0.1/2000->10.1.5.1/51151~1', \
'-' using 1:2 t 'UDP,::ffff:10.1.0.1/2000->10.1.5.1/51152~2', \
'-' using 1:2 t 'UDP,::ffff:10.1.0.1/2000->10.1.5.1/51153~3', \
'-' using 1:2 t 'UDP,::ffff:10.1.0.1/2000->10.1.5.1/51154~4'

# Flow: UDP,::ffff:10.1.0.1/2000->10.1.5.1/51151~1
0.000000, 0.000000
1.006271, 0.000000
1.006271, 0.000000
2.013122, 0.000000
2.013122, 0.000000
3.019638, 0.000000
3.019638, 0.000000
4.021822, 0.000000
4.021822, 0.000000
5.023796, 0.000000
5.023796, 0.000000
6.030868, 0.000000
6.030868, 0.000000
7.033702, 0.000000
7.033702, 0.000000
8.039443, 0.000000
8.039443, 0.000000
9.048991, 0.000000
9.048991, 0.000000
10.054367, 0.000000
10.054367, 0.301565
11.055853, 0.301565
11.055853, 0.411400
12.065871, 0.411400
12.065871, 0.420859
13.077901, 0.420859
13.077901, 0.411619
14.081346, 0.411619
14.081346, 0.412821
15.084985, 0.412821
15.084985, 0.660819
16.086393, 0.660819
16.086393, 0.635678
17.086478, 0.635678
17.086478, 0.637376
18.100259, 0.637376
18.100259, 0.639364
19.110153, 0.639364
19.110153, 0.587000
20.095806, 0.587000
e
# Flow: UDP,::ffff:10.1.0.1/2000->10.1.5.1/51152~2
5.003288, 0.000000
6.010535, 0.000000
6.010535, 0.000000
7.013126, 0.000000
7.013126, 0.000000
8.018840, 0.000000
8.018840, 0.000000
9.028192, 0.000000
9.028192, 0.000000
10.034144, 0.000000
10.034144, 0.000000
11.055797, 0.000000
11.055797, 0.000000
12.076335, 0.000000
12.076335, 0.000000
13.077704, 0.000000
13.077704, 0.000000
14.100882, 0.000000
14.100882, 0.000000
15.126355, 0.000000
15.126355, 0.000000
16.133438, 0.000000
16.133438, 0.000000
17.147835, 0.000000
17.147835, 0.000000
18.151131, 0.000000
18.151131, 0.000000
19.155712, 0.000000
19.155712, 0.000000
20.049555, 0.000000
e
# Flow: UDP,::ffff:10.1.0.1/2000->10.1.5.1/51153~3
10.003402, 0.000000
11.004502, 0.000000
11.004502, 0.000000
12.004623, 0.000000
12.004623, 0.000000
13.006527, 0.000000
13.006527, 0.000000
14.009013, 0.000000
14.009013, 0.000000
15.012180, 0.000000
15.012180, 0.225464
16.024999, 0.225464
16.024999, 0.280397
17.025374, 0.280397
17.025374, 0.275184
18.028401, 0.275184
18.028401, 0.278607
19.038222, 0.278607
19.038222, 0.318066
20.049514, 0.318066
20.049514, 0.285700
20.095740, 0.285700
e
# Flow: UDP,::ffff:10.1.0.1/2000->10.1.5.1/51154~4
15.022428, 0.224000
16.024956, 0.224000
16.024956, 0.278607
17.025342, 0.278607
17.025342, 0.277641
18.028371, 0.277641
18.028371, 0.277916
19.038194, 0.277916
19.038194, 0.317949
20.049355, 0.317949
20.049355, 0.285700
20.095702, 0.285700
e
