set title " lowTraffCLoss"
set xlabel 'Time (sec)'
set ylabel 'Loss Fraction'
set style data lines
set yrange[-0.100000:1.100000]
set key bottom right
plot \
'-' using 1:2 t 'UDP,::ffff:10.1.0.1/2000->10.1.5.1/51151~1', \
'-' using 1:2 t 'UDP,::ffff:10.1.0.1/2000->10.1.5.1/51152~2', \
'-' using 1:2 t 'UDP,::ffff:10.1.0.1/2000->10.1.5.1/51153~3', \
'-' using 1:2 t 'UDP,::ffff:10.1.0.1/2000->10.1.5.1/51154~4'

# Flow: UDP,::ffff:10.1.0.1/2000->10.1.5.1/51151~1
0.000000, 0.000000
1.005536, 0.000000
1.005536, 0.000000
2.010136, 0.000000
2.010136, 0.000000
3.013746, 0.000000
3.013746, 0.000000
4.015203, 0.000000
4.015203, 0.000000
5.017412, 0.000000
5.017412, 0.000000
6.024936, 0.000000
6.024936, 0.000000
7.031969, 0.000000
7.031969, 0.000000
8.032839, 0.000000
8.032839, 0.000000
9.042008, 0.000000
9.042008, 0.000000
10.045143, 0.000000
10.045143, 0.000000
11.049123, 0.000000
11.049123, 0.000000
12.049848, 0.000000
12.049848, 0.000000
13.052835, 0.000000
13.052835, 0.000000
14.060237, 0.000000
14.060237, 0.000000
15.062390, 0.000000
15.062390, 0.000000
16.063774, 0.000000
16.063774, 0.000000
17.063981, 0.000000
17.063981, 0.000000
18.072514, 0.000000
18.072514, 0.000000
19.082242, 0.000000
19.082242, 0.000000
20.007315, 0.000000
e
# Flow: UDP,::ffff:10.1.0.1/2000->10.1.5.1/51152~2
4.997185, 0.000000
6.004516, 0.000000
6.004516, 0.000000
7.011443, 0.000000
7.011443, 0.000000
8.012581, 0.000000
8.012581, 0.000000
9.021469, 0.000000
9.021469, 0.000000
10.023726, 0.000000
10.023726, 0.000000
11.027956, 0.000000
11.027956, 0.000000
12.029588, 0.000000
12.029588, 0.000000
13.032747, 0.000000
13.032747, 0.000000
14.039486, 0.000000
14.039486, 0.000000
15.042081, 0.000000
15.042081, 0.000000
16.042986, 0.000000
16.042986, 0.000000
17.052646, 0.000000
17.052646, 0.000000
18.062389, 0.000000
18.062389, 0.000000
19.072139, 0.000000
19.072139, 0.000000
20.007305, 0.000000
e
# Flow: UDP,::ffff:10.1.0.1/2000->10.1.5.1/51153~3
10.002354, 0.000000
11.007536, 0.000000
11.007536, 0.000000
12.009011, 0.000000
12.009011, 0.000000
13.011943, 0.000000
13.011943, 0.000000
14.018730, 0.000000
14.018730, 0.000000
15.021463, 0.000000
15.021463, 0.000000
16.022549, 0.000000
16.022549, 0.000000
17.031906, 0.000000
17.031906, 0.000000
18.040820, 0.000000
18.040820, 0.000000
19.040900, 0.000000
19.040900, 0.000000
20.007300, 0.000000
e
# Flow: UDP,::ffff:10.1.0.1/2000->10.1.5.1/51154~4
15.000934, 0.000000
16.002170, 0.000000
16.002170, 0.000000
17.011505, 0.000000
17.011505, 0.000000
18.020161, 0.000000
18.020161, 0.000000
19.020234, 0.000000
19.020234, 0.000000
20.007259, 0.000000
e
