set title " nomTraffLoss"
set xlabel 'Time (sec)'
set ylabel 'Loss Fraction'
set style data lines
set yrange[-0.100000:1.100000]
set key bottom right
plot \
'-' using 1:2 t 'UDP,::ffff:10.1.0.1/2000->10.1.5.1/51151~1', \
'-' using 1:2 t 'UDP,::ffff:10.1.0.1/2000->10.1.5.1/51152~2', \
'-' using 1:2 t 'UDP,::ffff:10.1.0.1/2000->10.1.5.1/51153~3', \
'-' using 1:2 t 'UDP,::ffff:10.1.0.1/2000->10.1.5.1/51154~4'

# Flow: UDP,::ffff:10.1.0.1/2000->10.1.5.1/51151~1
0.000000, 0.000000
1.005058, 0.000000
1.005058, 0.000000
2.008241, 0.000000
2.008241, 0.000000
3.013586, 0.000000
3.013586, 0.000000
4.020967, 0.000000
4.020967, 0.000000
5.021546, 0.000000
5.021546, 0.000000
6.030793, 0.000000
6.030793, 0.000000
7.036153, 0.000000
7.036153, 0.000000
8.038232, 0.000000
8.038232, 0.000000
9.040603, 0.000000
9.040603, 0.000000
10.047955, 0.000000
10.047955, 0.000000
11.053318, 0.000000
11.053318, 0.000000
12.053892, 0.000000
12.053892, 0.000000
13.063659, 0.000000
13.063659, 0.000000
14.070896, 0.000000
14.070896, 0.000000
15.079794, 0.000000
15.079794, 0.000000
16.081987, 0.000000
16.081987, 0.070545
17.091254, 0.070545
17.091254, 0.074534
18.096155, 0.074534
18.096155, 0.081149
19.096695, 0.081149
19.096695, 0.080000
20.100740, 0.080000
20.100740, 0.166700
20.100790, 0.166700
e
# Flow: UDP,::ffff:10.1.0.1/2000->10.1.5.1/51152~2
5.001026, 0.000000
6.010309, 0.000000
6.010309, 0.000000
7.015704, 0.000000
7.015704, 0.000000
8.017798, 0.000000
8.017798, 0.000000
9.020183, 0.000000
9.020183, 0.000000
10.027344, 0.000000
10.027344, 0.000000
11.032647, 0.000000
11.032647, 0.000000
12.033490, 0.000000
12.033490, 0.000000
13.043245, 0.000000
13.043245, 0.000000
14.050442, 0.000000
14.050442, 0.000000
15.058783, 0.000000
15.058783, 0.000000
16.060159, 0.000000
16.060159, 0.080000
17.060368, 0.080000
17.060368, 0.058824
18.065293, 0.058824
18.065293, 0.079208
19.065971, 0.079208
19.065971, 0.059406
20.068254, 0.059406
20.068254, 0.000000
20.100727, 0.000000
e
# Flow: UDP,::ffff:10.1.0.1/2000->10.1.5.1/51153~3
10.006641, 0.000000
11.012059, 0.000000
11.012059, 0.000000
12.012600, 0.000000
12.012600, 0.000000
13.022508, 0.000000
13.022508, 0.000000
14.029567, 0.000000
14.029567, 0.000000
15.038189, 0.000000
15.038189, 0.000000
16.040020, 0.000000
16.040020, 0.099256
17.050235, 0.099256
17.050235, 0.099256
18.054978, 0.099256
18.054978, 0.099751
19.055397, 0.099751
19.055397, 0.099751
20.057693, 0.099751
20.057693, 0.050000
20.100710, 0.050000
e
# Flow: UDP,::ffff:10.1.0.1/2000->10.1.5.1/51154~4
14.996889, 0.000000
15.998218, 0.000000
15.998218, 0.093199
16.998731, 0.093199
16.998731, 0.084367
18.003757, 0.084367
18.003757, 0.087282
19.003973, 0.087282
19.003973, 0.098765
20.014307, 0.098765
20.014307, 0.029410
20.100586, 0.029410
e
