set title " policeBucketLat"
set xlabel 'Time (sec)'
set ylabel 'Latency (sec)'
set style data points
set key bottom right
plot \
'-' using 1:2 t 'UDP,::ffff:10.1.0.1/2000->10.1.5.1/51151~1'

# Flow: UDP,::ffff:10.1.0.1/2000->10.1.5.1/51151~1
0.000000, -0.486202
0.010115, -0.486469
0.020261, -0.487021
0.030619, -0.486053
0.054093, -0.473501
0.054113, -0.482517
0.064785, -0.481824
0.075536, -0.481240
0.084581, -0.482138
0.098108, -0.478617
0.105408, -0.481192
0.115637, -0.481000
0.126242, -0.480278
0.136779, -0.479880
0.146646, -0.480121
0.157074, -0.479438
0.167781, -0.478730
0.177524, -0.479175
0.187448, -0.479029
0.187476, -0.489191
0.197944, -0.488756
0.208185, -0.488584
0.218200, -0.488515
0.228875, -0.487809
0.238778, -0.487965
0.248982, -0.487622
0.259591, -0.487045
0.269501, -0.487175
0.279851, -0.486866
0.290516, -0.486157
0.301258, -0.485398
0.310544, -0.486121
0.321001, -0.485877
0.331302, -0.485503
0.342361, -0.484362
0.351483, -0.485150
0.362297, -0.484380
0.372171, -0.484461
0.382710, -0.484034
0.392668, -0.485236
0.403223, -0.483456
0.418592, -0.478213
0.423533, -0.483256
0.433827, -0.482853
0.444388, -0.482205
0.454221, -0.482171
0.464285, -0.482537
0.474436, -0.482199
0.484499, -0.481968
0.495130, -0.481492
0.506270, -0.480241
0.516615, -0.480065
0.527223, -0.479431
0.537279, -0.479478
0.547255, -0.479229
0.547279, -0.489494
0.568181, -0.478616
0.568220, -0.488528
0.577692, -0.488804
0.589120, -0.487578
0.598540, -0.488118
0.609301, -0.487483
0.619369, -0.487410
0.629740, -0.487026
0.640203, -0.486545
0.650217, -0.486489
0.660754, -0.485935
0.671288, -0.485415
0.682363, -0.484351
0.693884, -0.482743
0.701463, -0.485215
0.712037, -0.484702
0.722435, -0.484361
0.732693, -0.483957
0.743205, -0.483591
0.754405, -0.482368
0.763821, -0.482859
0.774350, -0.482369
0.784180, -0.482540
0.794691, -0.482089
0.805284, -0.481243
0.815733, -0.480924
0.826477, -0.480445
0.836236, -0.480511
0.848077, -0.479305
0.857152, -0.479551
0.867175, -0.479636
0.877909, -0.478834
0.887759, -0.479041
0.897767, -0.478926
0.897801, -0.488899
0.908320, -0.488448
0.917935, -0.488671
0.938345, -0.479736
0.938375, -0.489053
0.958970, -0.478842
0.959004, -0.487720
0.969388, -0.487278
0.979538, -0.486796
0.991984, -0.484638
1.002157, -0.484438
1.012700, -0.484108
1.027922, -0.478806
1.033090, -0.483776
1.043381, -0.483125
1.057411, -0.479160
1.066320, -0.481554
1.076319, -0.480299
1.087049, -0.480042
1.097095, -0.479634
1.107921, -0.478981
1.117809, -0.479519
1.127299, -0.479495
1.138571, -0.478088
1.147799, -0.478981
1.147833, -0.488811
1.158784, -0.487967
1.172995, -0.483904
1.179388, -0.487205
1.189352, -0.487272
1.199458, -0.486993
1.209767, -0.486904
1.220170, -0.486437
1.230856, -0.485871
1.240921, -0.485732
1.251798, -0.484908
1.261857, -0.484888
1.271933, -0.484936
1.282093, -0.484442
1.292674, -0.484132
1.302879, -0.483796
1.313073, -0.483553
1.323517, -0.483253
1.333495, -0.483234
1.344232, -0.482360
1.354275, -0.482411
1.365334, -0.481380
1.375249, -0.481491
1.385741, -0.480760
1.395899, -0.480736
1.406367, -0.480569
1.416288, -0.481010
1.427273, -0.479937
1.437360, -0.480956
1.450327, -0.476192
1.458465, -0.478260
1.458486, -0.488346
1.468866, -0.487815
1.478923, -0.487862
1.489311, -0.487369
1.500048, -0.486707
1.510370, -0.486363
1.520666, -0.486071
1.531124, -0.485688
1.541563, -0.485119
1.551903, -0.485196
1.562325, -0.484475
1.572931, -0.483747
1.583376, -0.483314
1.593234, -0.484836
1.605148, -0.481306
1.614561, -0.482087
1.631683, -0.474848
1.635404, -0.481189
1.645009, -0.481628
1.657921, -0.478786
1.666082, -0.481159
1.677310, -0.479565
1.687254, -0.479407
1.697840, -0.479069
1.707465, -0.479567
1.717778, -0.479160
1.727777, -0.478908
1.737561, -0.479196
1.737705, -0.489080
1.748086, -0.488597
1.758157, -0.488439
1.768828, -0.487885
1.778626, -0.488060
1.788826, -0.487908
1.798880, -0.487843
1.808828, -0.488528
1.818976, -0.487701
1.830081, -0.486688
1.839811, -0.487014
1.850091, -0.487286
1.859872, -0.486781
1.870613, -0.486079
1.881045, -0.485613
1.891279, -0.485535
1.902482, -0.484207
1.917089, -0.479590
1.921954, -0.485410
1.932572, -0.484134
1.945972, -0.480558
1.954566, -0.482828
1.963525, -0.482995
1.973678, -0.482969
1.984161, -0.482378
1.994319, -0.482355
2.004641, -0.481880
2.014889, -0.481729
2.025246, -0.481520
2.035341, -0.481315
2.046263, -0.480354
2.056723, -0.480269
2.066387, -0.480250
2.077008, -0.480257
2.087193, -0.480651
2.098315, -0.478318
2.107927, -0.479075
2.117976, -0.478772
2.118008, -0.488633
2.138328, -0.478352
2.138359, -0.488489
2.168998, -0.487712
2.199998, -0.487577
2.241463, -0.485248
2.273999, -0.482681
2.302329, -0.484392
2.343161, -0.483541
2.363052, -0.483438
2.404213, -0.482541
2.434541, -0.482134
2.466481, -0.480825
2.495845, -0.480770
2.536988, -0.479929
2.567405, -0.479207
2.597966, -0.478868
2.618392, -0.488369
2.649957, -0.486762
2.689369, -0.488231
2.720226, -0.486604
2.761159, -0.485553
2.781539, -0.485160
2.822003, -0.485746
2.852697, -0.483861
2.884427, -0.482085
2.926850, -0.479703
2.957159, -0.480012
2.987267, -0.479537
3.017795, -0.478933
3.047404, -0.479271
3.078044, -0.488707
3.108315, -0.488330
3.138765, -0.487939
3.180330, -0.486322
3.210391, -0.486433
3.240753, -0.485966
3.271244, -0.485623
3.302159, -0.484811
3.343445, -0.483076
3.375251, -0.481627
3.404619, -0.482007
3.434904, -0.484005
3.465842, -0.480667
3.497403, -0.479154
3.538482, -0.478340
3.568552, -0.478225
3.598502, -0.488270
3.629300, -0.487444
3.659268, -0.487340
3.690260, -0.486519
3.720925, -0.485751
3.762481, -0.484313
3.792725, -0.484002
3.823448, -0.483429
3.855986, -0.480777
3.884152, -0.482290
3.914972, -0.483036
3.945954, -0.480739
3.988257, -0.478527
4.030102, -0.476937
4.049390, -0.487244
4.079862, -0.486612
4.110933, -0.485754
4.141346, -0.486473
4.182473, -0.484326
4.212436, -0.484018
4.243034, -0.483556
4.273393, -0.483252
4.303780, -0.483051
4.334111, -0.482522
4.364618, -0.481863
4.405267, -0.481249
4.448391, -0.478347
4.534965, -0.475338
4.534985, -0.481203
4.534991, -0.485609
4.555513, -0.482143
4.606939, -0.479678
4.627165, -0.479245
4.656832, -0.489861
4.687326, -0.489340
4.728141, -0.488516
4.758297, -0.488450
4.788691, -0.488054
4.819182, -0.487469
4.860686, -0.485882
4.891615, -0.485155
4.922426, -0.484250
4.953334, -0.483410
4.983687, -0.483073
5.024289, -0.482260
5.054986, -0.481778
5.085987, -0.480824
5.116560, -0.480192
5.147719, -0.479046
5.188307, -0.478543
5.208124, -0.488478
5.239221, -0.487461
5.279672, -0.486814
5.310706, -0.486014
5.341135, -0.485482
5.371908, -0.484765
5.402684, -0.484004
5.443615, -0.483105
5.474007, -0.482620
5.504711, -0.482040
5.535382, -0.481462
5.566138, -0.480632
5.607674, -0.479967
5.627449, -0.489202
5.657940, -0.488720
5.698719, -0.487975
5.719299, -0.487519
5.760515, -0.486380
5.791381, -0.485369
5.834588, -0.482018
5.865259, -0.481390
5.885918, -0.480580
5.926724, -0.480183
5.957905, -0.478955
5.977597, -0.489233
6.018144, -0.488649
6.048754, -0.487933
6.079278, -0.487081
6.109909, -0.486833
6.151354, -0.485438
6.182008, -0.484792
6.212772, -0.484026
6.243777, -0.482769
6.274440, -0.482280
6.314889, -0.481965
6.345943, -0.480899
6.376684, -0.480089
6.408206, -0.478556
6.451354, -0.475719
6.468135, -0.488609
6.498441, -0.487940
6.529573, -0.487198
6.570831, -0.485894
6.601243, -0.485499
6.632031, -0.484843
6.662817, -0.483959
6.703132, -0.483364
6.733752, -0.482993
6.765884, -0.481017
6.795374, -0.481367
6.826431, -0.480448
6.867050, -0.479507
6.898060, -0.478714
6.917514, -0.489222
6.947910, -0.488915
6.988783, -0.488010
e
