set title " tokenBucketLat"
set xlabel 'Time (sec)'
set ylabel 'Latency (sec)'
set style data points
set key bottom right
plot \
'-' using 1:2 t 'UDP,::ffff:10.1.0.1/2000->10.1.5.1/51151~1'

# Flow: UDP,::ffff:10.1.0.1/2000->10.1.5.1/51151~1
0.000000, -0.479923
0.010831, -0.479276
0.023536, -0.476714
0.030540, -0.479458
0.041036, -0.479333
0.051031, -0.480543
0.061249, -0.481204
0.071693, -0.478780
0.082181, -0.478194
0.092424, -0.478021
0.103065, -0.477668
0.113500, -0.476897
0.124327, -0.476202
0.134405, -0.476358
0.144947, -0.475239
0.155169, -0.475316
0.165329, -0.475594
0.175631, -0.475188
0.186447, -0.474712
0.196370, -0.475518
0.206337, -0.473930
0.216380, -0.474426
0.226456, -0.474008
0.237371, -0.473555
0.237494, -0.482965
0.246962, -0.483343
0.257327, -0.483039
0.267727, -0.482817
0.278193, -0.482278
0.288990, -0.481467
0.298685, -0.481755
0.310101, -0.480084
0.319663, -0.480697
0.329916, -0.480532
0.340376, -0.480010
0.350543, -0.479881
0.361341, -0.479027
0.371110, -0.479395
0.381520, -0.478840
0.391666, -0.478808
0.402034, -0.478430
0.411998, -0.478400
0.422465, -0.478080
0.432938, -0.477529
0.443216, -0.477302
0.453597, -0.476845
0.463628, -0.476943
0.473975, -0.476487
0.484689, -0.475621
0.494389, -0.476311
0.505456, -0.474917
0.515075, -0.475346
0.525862, -0.474752
0.535580, -0.475878
0.545931, -0.475178
0.556104, -0.475359
0.565998, -0.474385
0.577604, -0.474006
0.577626, -0.482635
0.586941, -0.483462
0.596698, -0.483604
0.607478, -0.483051
0.617239, -0.483218
0.627677, -0.482827
0.637968, -0.482566
0.648015, -0.482472
0.658434, -0.482091
0.668571, -0.481900
0.679021, -0.481422
0.689478, -0.481020
0.699608, -0.480867
0.713624, -0.476857
0.720157, -0.480114
0.730349, -0.480007
0.740886, -0.479589
0.751222, -0.479228
0.761587, -0.478869
0.771962, -0.478543
0.782165, -0.478316
0.792544, -0.477910
0.802791, -0.477664
0.813513, -0.476918
0.823680, -0.476816
0.833734, -0.476694
0.844124, -0.476173
0.854372, -0.475998
0.864569, -0.476067
0.875375, -0.475043
0.885985, -0.474785
0.896087, -0.474329
0.905981, -0.474550
0.916192, -0.474337
0.916224, -0.484027
0.936656, -0.473845
0.936692, -0.483773
0.947109, -0.483240
0.957847, -0.482416
0.978319, -0.472693
0.978372, -0.481934
0.987600, -0.482740
0.997908, -0.482342
1.019694, -0.470886
1.019720, -0.480726
1.039979, -0.470450
1.039997, -0.480186
1.050121, -0.480058
1.060356, -0.481373
1.070590, -0.480563
1.081498, -0.479442
1.091482, -0.478868
1.101316, -0.478903
1.111729, -0.478334
1.121310, -0.478846
1.131561, -0.478756
1.141814, -0.478385
1.151825, -0.478242
1.163897, -0.476192
1.173096, -0.477026
1.182675, -0.477567
1.192380, -0.478046
1.207221, -0.473469
1.215386, -0.474790
1.222917, -0.477296
1.239611, -0.470693
1.244070, -0.476148
1.253631, -0.476950
1.264188, -0.475966
1.276005, -0.474291
1.284308, -0.475837
1.307274, -0.462907
1.307292, -0.474236
1.323978, -0.466982
1.325600, -0.474625
1.336081, -0.474072
1.345758, -0.474528
1.355788, -0.474536
1.372480, -0.467973
1.384243, -0.466475
1.410856, -0.450249
1.410910, -0.459483
1.410917, -0.472799
1.417670, -0.474210
1.417691, -0.482578
1.427924, -0.482397
1.438325, -0.481837
1.448632, -0.481534
1.458727, -0.481519
1.469604, -0.480854
1.479418, -0.481083
1.490085, -0.480288
1.500919, -0.479531
1.510612, -0.480051
1.521463, -0.478999
1.531229, -0.479310
1.541574, -0.478799
1.556714, -0.473764
1.563022, -0.477343
1.572329, -0.478001
1.582620, -0.477795
1.593701, -0.476841
1.604076, -0.476289
1.613972, -0.476418
1.626620, -0.473780
1.635748, -0.474682
1.645360, -0.474877
1.654783, -0.475580
1.666406, -0.473869
1.675955, -0.474426
1.687462, -0.473017
1.697703, -0.473281
1.706419, -0.474717
1.718120, -0.472266
1.726457, -0.473851
1.726696, -0.483616
1.737372, -0.482920
1.747427, -0.482990
1.757932, -0.482440
1.768445, -0.481684
1.778257, -0.482021
1.788400, -0.482035
1.798176, -0.482263
1.808578, -0.481784
1.819180, -0.481213
1.829241, -0.481255
1.839644, -0.480716
1.851397, -0.479238
1.859654, -0.480613
2.249890, -0.100503
2.249929, -0.110446
2.249942, -0.120580
2.249952, -0.130370
2.249965, -0.140830
2.249976, -0.150417
2.249986, -0.160457
2.249996, -0.170287
2.250006, -0.180287
2.250016, -0.190500
2.250288, -0.200263
2.250301, -0.210245
2.250311, -0.220472
2.250321, -0.229946
2.250331, -0.240198
2.250342, -0.249967
2.259544, -0.250656
2.259566, -0.260744
2.259572, -0.270583
2.259577, -0.280976
2.259582, -0.290802
2.259588, -0.300812
2.259593, -0.310777
2.259597, -0.320924
2.259602, -0.330919
2.259607, -0.340902
2.259611, -0.351028
2.259616, -0.360926
2.259621, -0.370923
2.259625, -0.380613
2.259630, -0.390847
3.254681, 0.594149
3.254716, 0.584170
3.254728, 0.574121
3.254738, 0.564194
3.255070, 0.554464
3.255081, 0.544583
3.255091, 0.534470
3.255101, 0.524555
3.255111, 0.514799
3.255120, 0.504727
3.255130, 0.494868
3.255139, 0.484683
3.255148, 0.474706
3.255157, 0.464507
3.255167, 0.454533
3.255176, 0.444260
3.263552, 0.443259
3.263569, 0.431950
3.263574, 0.423301
3.263578, 0.413198
3.263582, 0.403364
3.263586, 0.393138
3.263590, 0.383049
3.263594, 0.373254
3.263599, 0.363187
3.263603, 0.353041
3.263607, 0.343122
3.263611, 0.332360
3.263661, 0.323118
3.263665, 0.313273
3.263669, 0.303266
4.253184, 1.282581
4.253235, 1.272756
4.253253, 1.262687
4.253274, 1.252697
4.253290, 1.242709
4.253304, 1.233047
4.253320, 1.222574
4.253328, 1.212830
4.253336, 1.202899
4.253343, 1.192918
4.253351, 1.182905
4.253360, 1.172758
4.253367, 1.162834
4.253374, 1.152892
4.253382, 1.142870
4.262882, 1.142455
4.262978, 1.132483
4.262990, 1.122577
4.262998, 1.112365
4.263007, 1.102496
4.263015, 1.092479
4.263023, 1.082613
4.263109, 1.072564
4.263117, 1.062688
4.263126, 1.052705
4.263134, 1.042709
4.263142, 1.033010
4.263152, 1.022846
4.263161, 1.012754
4.263169, 1.002755
4.263177, 0.992352
5.252924, 1.972663
5.252972, 1.962429
5.252993, 1.511772
5.253010, 1.502810
5.253025, 1.492601
5.253039, 1.482581
5.253047, 1.472628
5.253054, 1.462552
5.253061, 1.452433
5.253069, 1.442531
5.253077, 1.432780
5.253084, 1.422060
5.253091, 1.411533
5.253099, 1.402411
5.253108, 1.392861
5.253186, 1.382816
5.269910, 1.389358
5.269934, 1.378412
5.269941, 1.369549
5.269947, 1.359433
5.269953, 1.349516
5.269958, 1.339325
5.269964, 1.329380
5.269969, 1.319504
5.269974, 1.309636
5.269979, 1.299489
5.269985, 1.289598
5.269990, 1.279103
5.269996, 1.268861
5.270001, 1.259611
5.270008, 1.249548
6.251575, 2.220497
6.251608, 2.211382
6.251622, 1.521152
6.251633, 1.511139
6.251645, 1.501209
6.251657, 1.491327
6.251669, 1.481148
6.251681, 1.471176
6.251692, 1.461254
6.251776, 1.451052
6.251789, 1.441197
6.251800, 1.431401
6.251812, 1.421206
6.251824, 1.411517
6.251836, 1.401177
6.251848, 1.391517
6.261945, 1.391732
6.261969, 1.381635
6.261976, 1.371489
6.261982, 1.361568
6.261988, 1.351420
6.261993, 1.341654
6.261999, 1.331565
6.262005, 1.321046
6.262010, 1.311607
6.262016, 1.301529
6.262021, 1.291449
6.262027, 1.281700
6.262033, 1.271531
6.262038, 1.261476
6.262045, 1.251439
7.304658, 2.284124
7.304682, 2.274254
7.304933, 1.564404
7.304942, 1.554410
7.304948, 1.544633
7.304954, 1.534516
7.304960, 1.524477
7.304966, 1.514436
7.304972, 1.504628
7.304977, 1.494474
7.304983, 1.484672
7.304989, 1.474593
7.304996, 1.464797
7.305002, 1.454376
7.305008, 1.444231
7.305014, 1.434533
7.315305, 1.434689
7.315337, 1.425333
7.315346, 1.414995
7.315356, 1.404554
7.315364, 1.394079
7.315371, 1.384942
7.315379, 1.374841
7.315386, 1.364863
7.315393, 1.354848
7.315401, 1.344925
7.315408, 1.334988
7.315493, 1.325261
7.315501, 1.315212
7.315508, 1.304283
7.315516, 1.294748
8.348767, 2.318564
8.349067, 2.308796
8.349088, 1.608817
8.349101, 1.598591
8.349826, 1.589595
8.349850, 1.579366
8.349865, 1.568996
8.349879, 1.559518
8.349893, 1.549385
8.349906, 1.539399
8.349919, 1.529506
8.349932, 1.519455
8.349945, 1.509375
8.349959, 1.499870
8.349972, 1.489615
8.349987, 1.479409
8.362286, 1.481806
8.362319, 1.471868
8.362334, 1.461908
8.362345, 1.452256
8.362438, 1.442081
8.362450, 1.431773
8.362462, 1.422114
8.362474, 1.411916
8.362487, 1.402144
8.362500, 1.391653
8.362511, 1.381967
8.362521, 1.371993
8.362532, 1.360513
8.362543, 1.352134
8.362554, 1.342219
e
