set title " wfqPrioLoss"
set xlabel 'Time (sec)'
set ylabel 'Loss Fraction'
set style data lines
set yrange[-0.100000:1.100000]
set key bottom right
plot \
'-' using 1:2 t 'UDP,::ffff:10.1.0.1/2000->10.1.5.1/51151~1', \
'-' using 1:2 t 'UDP,::ffff:10.1.0.1/2000->10.1.5.1/51152~2', \
'-' using 1:2 t 'UDP,::ffff:10.1.0.1/2000->10.1.5.1/51153~3', \
'-' using 1:2 t 'UDP,::ffff:10.1.0.1/2000->10.1.5.1/51155~5', \
'-' using 1:2 t 'UDP,::ffff:10.1.0.1/2000->10.1.5.1/51154~4'

# Flow: UDP,::ffff:10.1.0.1/2000->10.1.5.1/51151~1
0.000000, 0.000000
1.004295, 0.000000
1.004295, 0.000000
2.006376, 0.000000
2.006376, 0.000000
3.008352, 0.000000
3.008352, 0.000000
4.013650, 0.000000
4.013650, 0.000000
5.021485, 0.000000
5.021485, 0.000000
6.028922, 0.000000
6.028922, 0.000000
7.032884, 0.000000
7.032884, 0.000000
8.038056, 0.000000
8.038056, 0.000000
9.042723, 0.000000
9.042723, 0.000000
10.047526, 0.000000
10.047526, 0.454311
11.053135, 0.454311
11.053135, 0.480287
12.063192, 0.480287
12.063192, 0.476309
13.064482, 0.476309
13.064482, 0.475124
14.070540, 0.475124
14.070540, 0.493082
15.077939, 0.493082
15.077939, 0.877171
16.080472, 0.877171
16.080472, 0.877500
17.082878, 0.877500
17.082878, 0.878261
18.086732, 0.878261
18.086732, 0.878049
19.108644, 0.878049
19.108644, 0.877100
20.040057, 0.877100
e
# Flow: UDP,::ffff:10.1.0.1/2000->10.1.5.1/51152~2
5.001169, 0.000000
6.008375, 0.000000
6.008375, 0.000000
7.012479, 0.000000
7.012479, 0.000000
8.016663, 0.000000
8.016663, 0.000000
9.021902, 0.000000
9.021902, 0.000000
10.026788, 0.000000
10.026788, 0.000000
11.053113, 0.000000
11.053113, 0.000000
12.063186, 0.000000
12.063186, 0.000000
13.064477, 0.000000
13.064477, 0.000000
14.070534, 0.000000
14.070534, 0.000000
15.077906, 0.000000
15.077906, 0.000000
16.080459, 0.000000
16.080459, 0.000000
17.082858, 0.000000
17.082858, 0.000000
18.086720, 0.000000
18.086720, 0.000000
19.108622, 0.000000
19.108622, 0.000000
20.040044, 0.000000
e
# Flow: UDP,::ffff:10.1.0.1/2000->10.1.5.1/51153~3
9.995908, 0.000000
11.012249, 0.000000
11.012249, 0.000000
12.012483, 0.000000
12.012483, 0.000000
13.013204, 0.000000
13.013204, 0.000000
14.019577, 0.000000
14.019577, 0.000000
15.036431, 0.000000
15.036431, 0.000000
16.039463, 0.000000
16.039463, 0.047493
17.041804, 0.047493
17.041804, 0.097257
18.045754, 0.097257
18.045754, 0.097500
19.047248, 0.097500
19.047248, 0.101523
20.053585, 0.101523
20.053585, 0.050000
20.183568, 0.050000
e
# Flow: UDP,::ffff:10.1.0.1/2000->10.1.5.1/51155~5
15.005683, 0.000000
16.008943, 0.000000
16.008943, 0.013245
17.010975, 0.013245
17.010975, 0.055901
18.013771, 0.055901
18.013771, 0.049080
19.016824, 0.049080
19.016824, 0.062893
20.039890, 0.062893
20.039890, 0.038460
20.173177, 0.038460
e
# Flow: UDP,::ffff:10.1.0.1/2000->10.1.5.1/51154~4
15.005712, 0.000000
16.008981, 0.000000
16.008981, 0.061674
17.011003, 0.061674
17.011003, 0.128099
18.013812, 0.128099
18.013812, 0.128099
19.016846, 0.128099
19.016846, 0.125523
20.039938, 0.125523
20.039938, 0.051280
20.173249, 0.051280
e
