set title " wfqPoliceLoss"
set xlabel 'Time (sec)'
set ylabel 'Loss Fraction'
set style data lines
set yrange[-0.100000:1.100000]
set key bottom right
plot \
'-' using 1:2 t 'UDP,::ffff:10.1.0.1/2000->10.1.5.1/51151~1', \
'-' using 1:2 t 'UDP,::ffff:10.1.0.1/2000->10.1.5.1/51152~2', \
'-' using 1:2 t 'UDP,::ffff:10.1.0.1/2000->10.1.5.1/51153~3', \
'-' using 1:2 t 'UDP,::ffff:10.1.0.1/2000->10.1.5.1/51155~5', \
'-' using 1:2 t 'UDP,::ffff:10.1.0.1/2000->10.1.5.1/51154~4'

# Flow: UDP,::ffff:10.1.0.1/2000->10.1.5.1/51151~1
0.000000, 0.831073
1.013263, 0.831073
1.013263, 0.877928
2.015982, 0.877928
2.015982, 0.877958
3.025462, 0.877958
3.025462, 0.878079
4.041435, 0.878079
4.041435, 0.877627
5.048361, 0.877627
5.048361, 0.878109
6.051366, 0.878109
6.051366, 0.878079
7.060182, 0.878079
7.060182, 0.878109
8.069032, 0.878109
8.069032, 0.877928
9.078953, 0.877928
9.078953, 0.877778
10.088161, 0.877778
10.088161, 0.878109
11.096394, 0.878109
11.096394, 0.877653
12.097770, 0.877653
12.097770, 0.878261
13.098758, 0.878261
13.098758, 0.878109
14.106056, 0.878109
14.106056, 0.877778
15.114516, 0.877778
15.114516, 0.878049
16.115467, 0.878049
16.115467, 0.877653
17.115615, 0.877653
17.115615, 0.878261
18.116039, 0.878261
18.116039, 0.877525
19.116522, 0.877525
19.116522, 0.876500
20.014477, 0.876500
e
# Flow: UDP,::ffff:10.1.0.1/2000->10.1.5.1/51152~2
5.002040, 0.000000
6.027280, 0.000000
6.027280, 0.000000
7.030003, 0.000000
7.030003, 0.000000
8.038434, 0.000000
8.038434, 0.000000
9.058554, 0.000000
9.058554, 0.000000
10.067592, 0.000000
10.067592, 0.000000
11.076456, 0.000000
11.076456, 0.000000
12.077228, 0.000000
12.077228, 0.000000
13.078527, 0.000000
13.078527, 0.000000
14.085817, 0.000000
14.085817, 0.000000
15.093848, 0.000000
15.093848, 0.000000
16.115451, 0.000000
16.115451, 0.000000
17.115598, 0.000000
17.115598, 0.000000
18.116007, 0.000000
18.116007, 0.000000
19.116507, 0.000000
19.116507, 0.000000
20.014451, 0.000000
e
# Flow: UDP,::ffff:10.1.0.1/2000->10.1.5.1/51153~3
9.995937, 0.000000
11.004874, 0.000000
11.004874, 0.000000
12.005919, 0.000000
12.005919, 0.000000
13.006795, 0.000000
13.006795, 0.000000
14.013584, 0.000000
14.013584, 0.000000
15.022128, 0.000000
15.022128, 0.000000
16.023389, 0.000000
16.023389, 0.000000
17.023806, 0.000000
17.023806, 0.080402
18.034529, 0.080402
18.034529, 0.100737
19.044150, 0.100737
19.044150, 0.098237
20.065931, 0.098237
20.065931, 0.054550
20.170461, 0.054550
e
# Flow: UDP,::ffff:10.1.0.1/2000->10.1.5.1/51155~5
15.001756, 0.000000
16.013317, 0.000000
16.013317, 0.000000
17.023758, 0.000000
17.023758, 0.118750
18.034485, 0.118750
18.034485, 0.128834
19.044076, 0.128834
19.044076, 0.119497
20.065740, 0.119497
20.065740, 0.045450
20.170278, 0.045450
e
# Flow: UDP,::ffff:10.1.0.1/2000->10.1.5.1/51154~4
15.001783, 0.000000
16.013343, 0.000000
16.013343, 0.000000
17.023783, 0.000000
17.023783, 0.062500
18.034513, 0.062500
18.034513, 0.077551
19.044138, 0.077551
19.044138, 0.084034
20.065910, 0.084034
20.065910, 0.062500
20.170323, 0.062500
e
