set title " tcpTraffLat"
set xlabel 'Time (sec)'
set ylabel 'Latency (sec)'
set style data points
set key bottom right
plot \
'-' using 1:2 t 'TCP,::ffff:10.1.0.1/2000->10.1.5.1/5001~1'

# Flow: TCP,::ffff:10.1.0.1/2000->10.1.5.1/5001~1
0.000000, 0.438070
0.169590, 0.606777
0.401269, 0.659839
0.607416, 0.865784
0.826205, 1.084547
1.054500, 1.016370
1.217860, 0.889479
1.435931, 1.107518
1.620182, 0.861839
1.814717, 1.056270
2.029396, 0.888185
2.233594, 1.092363
2.450498, 0.935631
2.638168, 1.123283
2.813433, 0.898263
3.027500, 1.112308
3.228237, 0.932874
3.409826, 1.114442
3.603936, 0.921388
3.788633, 1.106058
4.016993, 0.985771
4.204211, 1.172970
4.414671, 1.065413
4.585248, 1.235894
4.758981, 1.026469
4.933498, 1.200958
5.118304, 1.385737
5.282367, 1.075704
5.465112, 1.258428
5.630841, 1.424139
5.794582, 1.147563
5.948210, 1.301163
6.122202, 1.475131
6.275221, 1.178161
6.459220, 1.362131
6.624480, 1.527212
6.764799, 1.667506
6.928737, 1.351789
7.100348, 1.523370
7.284025, 1.707019
7.463873, 1.886840
7.642949, 1.543661
7.805645, 1.706336
7.938862, 1.839533
8.104405, 2.005055
8.258478, 2.159108
8.424302, 1.740997
8.555885, 1.872424
8.711173, 2.027684
8.843856, 2.160340
9.007862, 2.324320
9.162070, 2.478501
9.326629, 1.875422
9.479604, 2.028368
9.641712, 2.190450
9.795880, 2.344592
9.937983, 2.486670
10.072802, 2.621466
10.225874, 2.774514
10.368560, 2.917176
10.506130, 2.263122
10.666325, 2.423224
10.788141, 2.545011
10.942046, 2.698889
11.064849, 2.821666
11.187577, 2.944203
11.301266, 3.057864
11.413105, 3.169679
11.536703, 3.293230
11.649331, 3.405840
11.773450, 2.545020
11.886087, 2.657627
12.008900, 2.780414
12.142499, 2.913989
12.255755, 3.027220
12.367125, 3.138563
12.531403, 3.302817
12.643649, 3.415038
12.829461, 3.600825
12.929271, 3.700611
13.036594, 3.807910
13.159660, 3.930952
13.272094, 4.041655
13.383858, 3.038629
e
