set title " udpTraffLat"
set xlabel 'Time (sec)'
set ylabel 'Latency (sec)'
set style data points
set key bottom right
plot \
'-' using 1:2 t 'UDP,::ffff:10.1.0.1/2000->10.1.5.1/5001~1'

# Flow: UDP,::ffff:10.1.0.1/2000->10.1.5.1/5001~1
0.000000, 0.254956
0.000158, 0.252586
0.000167, 0.256651
0.009735, 0.257417
0.009752, 0.256835
0.009757, 0.256236
0.009761, 0.255752
0.009765, 0.255065
0.009768, 0.253561
0.009772, 0.253211
0.009776, 0.252860
0.009780, 0.252494
0.009785, 0.252137
0.009789, 0.263364
0.009792, 0.258230
0.020850, 0.262908
0.020866, 0.262628
0.020871, 0.260853
0.020875, 0.260504
0.020879, 0.260125
0.020910, 0.257645
0.020914, 0.257281
0.020918, 0.256779
0.020922, 0.256426
0.020926, 0.256133
0.021036, 0.255898
0.021040, 0.254352
0.021044, 0.254038
0.021048, 0.253665
0.021053, 0.253308
0.021057, 0.268401
0.030674, 0.277525
0.031190, 0.262660
0.031199, 0.260102
0.031203, 0.258822
0.031207, 0.257093
0.031211, 0.254397
0.031215, 0.254051
0.031218, 0.253705
0.031222, 0.253401
0.031226, 0.253056
0.031230, 0.252766
0.031234, 0.277428
0.040860, 0.286450
0.040924, 0.262170
0.040928, 0.284925
0.040933, 0.250925
0.040937, 0.250666
0.040941, 0.250464
0.051822, 0.295431
0.051934, 0.295217
0.051940, 0.258841
0.051945, 0.246086
0.062587, 0.255238
0.062607, 0.254784
0.062613, 0.254416
0.062617, 0.254105
0.062621, 0.253815
0.062626, 0.253460
0.062630, 0.305508
0.062634, 0.305136
0.062639, 0.249554
0.062643, 0.249060
0.062648, 0.248717
0.062652, 0.248405
0.071888, 0.257323
0.071907, 0.257051
0.071977, 0.256823
0.072043, 0.256530
0.072051, 0.256181
0.072056, 0.314261
0.072060, 0.313969
0.072064, 0.255902
0.072068, 0.254581
0.072072, 0.254292
0.072126, 0.253886
0.072131, 0.253634
0.072135, 0.253308
0.072139, 0.253035
0.072143, 0.252749
0.072148, 0.250603
0.082741, 0.260984
0.082762, 0.260511
0.082769, 0.260278
0.082774, 0.260078
0.082778, 0.258700
0.082782, 0.258009
0.082787, 0.257183
0.082791, 0.324407
0.082796, 0.322580
0.082801, 0.256639
0.082805, 0.256068
0.082809, 0.255864
0.082813, 0.253594
0.082818, 0.253432
0.082822, 0.252965
0.082827, 0.252669
0.092955, 0.261525
0.092976, 0.261173
0.093028, 0.260853
0.094871, 0.262577
0.094887, 0.262476
0.094892, 0.262314
0.094897, 0.262182
0.094902, 0.262008
0.094906, 0.261838
0.094910, 0.334303
0.094914, 0.331905
0.094918, 0.261568
0.094922, 0.261374
0.094927, 0.261228
0.094931, 0.260387
0.094935, 0.260231
0.103676, 0.268710
0.103696, 0.268589
0.103702, 0.268348
0.103706, 0.268104
0.103710, 0.267900
0.103714, 0.267690
0.103718, 0.267454
0.103722, 0.265041
0.103726, 0.264906
0.103730, 0.264769
0.103734, 0.263961
0.103780, 0.340311
0.103785, 0.339802
0.103789, 0.263289
0.103793, 0.262181
0.103797, 0.261580
0.113462, 0.270316
0.113481, 0.268930
0.113490, 0.268693
0.113495, 0.267620
0.113499, 0.266461
0.113503, 0.265917
0.113507, 0.263170
0.113511, 0.262997
0.113515, 0.262882
0.113519, 0.262297
0.113523, 0.260952
0.113597, 0.260438
0.113606, 0.258662
0.113611, 0.349320
0.113616, 0.348970
0.113620, 0.258521
0.123675, 0.267611
0.123695, 0.267073
0.123702, 0.265590
0.123708, 0.262801
0.123839, 0.262750
0.123844, 0.262591
0.123848, 0.262408
0.123852, 0.261400
0.123856, 0.260739
0.123860, 0.259818
0.123864, 0.258563
0.123868, 0.358929
0.123872, 0.357375
0.123876, 0.258019
0.123880, 0.257133
0.123885, 0.256215
0.134015, 0.262837
0.134036, 0.262641
0.134042, 0.262484
0.134047, 0.262364
0.134053, 0.261476
0.134059, 0.260600
0.134063, 0.260210
0.134068, 0.259297
0.134072, 0.257950
0.134076, 0.256979
0.134080, 0.253003
0.134084, 0.252825
0.134131, 0.252451
0.134137, 0.367285
0.134142, 0.366911
0.134146, 0.252322
0.144024, 0.261959
0.144044, 0.261826
0.144050, 0.261101
0.144054, 0.260036
0.144058, 0.259232
0.144063, 0.257714
0.144068, 0.257496
0.144072, 0.376526
0.144076, 0.375822
0.154164, 0.383237
0.154185, 0.382959
0.154191, 0.266422
0.154196, 0.262658
0.154201, 0.262507
0.154206, 0.262385
0.154210, 0.262245
0.154215, 0.262100
0.154220, 0.261275
0.154224, 0.259598
0.154229, 0.259371
0.154233, 0.257967
0.154287, 0.257725
0.154293, 0.256286
0.154297, 0.255215
0.154302, 0.252590
0.164639, 0.262748
0.164660, 0.262612
0.164666, 0.391695
0.164671, 0.388076
0.164675, 0.262479
0.164680, 0.260831
0.164685, 0.260662
0.164690, 0.259775
0.164694, 0.258191
0.164699, 0.258003
0.164703, 0.257120
0.164707, 0.256075
0.174754, 0.397773
0.174774, 0.397453
0.174782, 0.265156
0.174787, 0.264393
0.174793, 0.263724
0.174798, 0.262529
0.174802, 0.257957
0.174806, 0.257523
0.174810, 0.257173
0.174866, 0.256902
0.174871, 0.255745
0.174875, 0.255478
0.174879, 0.254921
0.174883, 0.254638
0.174888, 0.253766
0.174893, 0.253368
0.184901, 0.261908
0.184936, 0.259552
0.184948, 0.407277
0.184959, 0.406990
0.184968, 0.258908
0.184977, 0.258492
0.184985, 0.258196
0.184993, 0.257745
0.185000, 0.257430
0.185008, 0.255944
0.185017, 0.255673
0.185024, 0.254615
0.185033, 0.253193
0.195134, 0.416816
0.195157, 0.416548
0.205788, 0.424854
0.205813, 0.415648
0.205821, 0.273601
0.205947, 0.272448
0.205955, 0.269116
0.205963, 0.268748
0.205969, 0.268397
0.205976, 0.268066
0.205982, 0.267802
0.205989, 0.266650
0.205996, 0.266261
0.206002, 0.265138
0.206009, 0.264092
0.206015, 0.263810
0.206022, 0.263128
0.206030, 0.261318
0.215759, 0.270722
0.215784, 0.269970
0.215791, 0.425417
0.215798, 0.423656
0.215804, 0.269328
0.215810, 0.268284
0.215819, 0.267505
0.215827, 0.266075
0.215834, 0.265680
0.215841, 0.264616
0.215847, 0.263758
0.215902, 0.262856
0.225324, 0.431958
0.225346, 0.418204
0.225354, 0.268765
0.225360, 0.268518
0.225366, 0.266281
0.225431, 0.266114
0.225439, 0.265854
0.225446, 0.263580
0.225454, 0.261551
0.225461, 0.260686
0.225468, 0.260472
0.225476, 0.258573
0.225484, 0.258371
0.225491, 0.256773
0.225498, 0.256574
0.225506, 0.256320
0.235216, 0.261011
0.235240, 0.260093
0.235248, 0.427692
0.235255, 0.427211
0.251881, 0.276296
0.251903, 0.276047
0.251911, 0.275832
0.251919, 0.275639
0.252055, 0.275349
0.252063, 0.275159
0.252070, 0.274938
0.252077, 0.274737
0.252086, 0.443738
0.252093, 0.443433
0.252100, 0.274507
0.252106, 0.273048
0.252113, 0.272851
0.252121, 0.272607
0.252127, 0.269292
0.252133, 0.266526
0.257606, 0.271760
0.257630, 0.271567
0.257638, 0.271370
0.257644, 0.271034
0.257651, 0.270826
0.257743, 0.270698
0.257750, 0.270506
0.257756, 0.270262
0.257762, 0.262880
0.257770, 0.262712
0.257778, 0.448763
0.257785, 0.448471
0.257792, 0.262573
0.257847, 0.262479
0.257854, 0.262297
0.257860, 0.262167
0.267856, 0.272014
0.267879, 0.271900
0.267887, 0.271761
0.267893, 0.271260
0.267899, 0.454532
0.267906, 0.270366
0.267913, 0.269261
0.267920, 0.268649
0.267926, 0.267828
0.267932, 0.266945
0.267941, 0.265875
0.267948, 0.264831
0.267956, 0.264217
0.267963, 0.262660
0.267970, 0.262313
0.267978, 0.260791
0.278231, 0.270821
0.278253, 0.269471
0.278261, 0.268396
0.278268, 0.268204
0.278276, 0.259095
0.278335, 0.464571
0.278343, 0.464246
0.278349, 0.258970
0.278355, 0.258772
0.278361, 0.256628
0.278367, 0.256347
0.278373, 0.253862
0.278380, 0.253561
0.278387, 0.253334
0.278476, 0.249383
0.287896, 0.473480
0.287918, 0.473206
0.287926, 0.472918
0.298512, 0.483213
0.298535, 0.269022
0.298543, 0.268848
0.298549, 0.268656
0.298556, 0.268449
0.298562, 0.268243
0.298569, 0.268038
0.298575, 0.267833
0.298581, 0.267628
0.298588, 0.267415
0.298595, 0.262514
0.298603, 0.258914
0.298655, 0.257847
0.298662, 0.255530
0.298668, 0.252765
0.298674, 0.249526
0.308465, 0.257532
0.308488, 0.492783
0.308496, 0.492479
0.308502, 0.256463
0.308509, 0.255166
0.308515, 0.252430
0.308521, 0.250870
0.308527, 0.250707
0.308533, 0.248638
0.308540, 0.247281
0.308546, 0.243331
0.318489, 0.501222
0.318513, 0.500865
0.318521, 0.500418
0.318528, 0.249185
0.328936, 0.510568
0.328961, 0.259374
0.328969, 0.259206
0.328976, 0.259042
0.328982, 0.258880
0.328988, 0.255119
0.329134, 0.254963
0.329142, 0.252999
0.329149, 0.252648
0.329156, 0.252420
0.329163, 0.249171
0.329170, 0.246911
0.329177, 0.246033
0.329184, 0.245772
0.329191, 0.245514
0.329198, 0.242836
0.338862, 0.251465
0.338884, 0.520206
0.338892, 0.519937
0.338900, 0.250129
0.338907, 0.246710
0.338914, 0.242918
0.338921, 0.241212
0.338929, 0.519680
0.349051, 0.527703
0.349144, 0.249263
0.349155, 0.246981
0.349161, 0.243526
0.349167, 0.243219
0.349174, 0.243004
0.359067, 0.537413
0.359088, 0.537060
0.359096, 0.251237
0.359103, 0.250219
0.359109, 0.247741
0.359117, 0.246178
0.359124, 0.241821
0.369323, 0.546936
0.369346, 0.546752
0.379630, 0.555856
0.379653, 0.260635
0.379661, 0.257455
0.379668, 0.257242
0.379675, 0.257040
0.379681, 0.255813
0.379687, 0.252139
0.379693, 0.555200
0.379701, 0.250379
0.379708, 0.247796
0.379714, 0.246259
0.379801, 0.245873
0.379811, 0.245411
0.379818, 0.244911
0.379825, 0.241361
0.389648, 0.564531
0.389722, 0.563838
0.400118, 0.573686
0.400142, 0.255021
0.400150, 0.253088
0.400157, 0.573315
0.400163, 0.251032
0.400168, 0.250030
0.400174, 0.247883
0.400181, 0.246349
0.400189, 0.246131
0.400197, 0.245974
0.400205, 0.245820
0.400211, 0.245630
0.400217, 0.245443
0.400224, 0.245234
0.400230, 0.245028
0.400236, 0.244822
0.409955, 0.252091
0.409973, 0.250762
0.409978, 0.582930
0.409982, 0.580612
0.409986, 0.249673
0.409990, 0.246780
0.409995, 0.242113
0.410000, 0.240330
0.420131, 0.590292
0.420148, 0.590020
0.420153, 0.247921
0.420157, 0.247690
0.420161, 0.247511
0.420165, 0.247339
0.420169, 0.247174
0.420173, 0.243401
0.420176, 0.242550
0.420180, 0.240999
0.420184, 0.240459
0.420188, 0.240127
0.420192, 0.239971
0.420196, 0.239818
0.430305, 0.598900
0.430322, 0.598698
0.430326, 0.248777
0.430331, 0.247492
0.430336, 0.246415
0.430340, 0.246221
0.430344, 0.244902
0.430348, 0.244496
0.430352, 0.242206
0.430356, 0.241359
0.430462, 0.240291
0.430469, 0.239587
0.440404, 0.608246
0.440421, 0.608142
0.440426, 0.247616
0.440430, 0.246890
0.440434, 0.244846
0.440437, 0.244509
0.440442, 0.244308
0.440445, 0.242161
0.440449, 0.241754
0.440454, 0.241360
0.440458, 0.240436
0.440463, 0.239562
0.450877, 0.618481
0.450900, 0.618338
0.461035, 0.257806
0.461058, 0.257086
0.461067, 0.255143
0.461146, 0.252668
0.461155, 0.251806
0.461162, 0.250804
0.461169, 0.628469
0.461177, 0.628300
0.461280, 0.242101
0.461336, 0.241673
0.471234, 0.638238
0.471256, 0.637923
0.471266, 0.249957
0.471273, 0.249541
0.471346, 0.249301
0.471359, 0.248974
0.471366, 0.248574
0.471374, 0.243228
0.471381, 0.242807
0.471388, 0.240094
0.471395, 0.239545
0.481772, 0.648248
0.481794, 0.648111
0.481802, 0.249402
0.481809, 0.248958
0.481817, 0.248258
0.481824, 0.247900
0.481831, 0.243575
0.481838, 0.243053
0.481846, 0.240151
0.481854, 0.239750
0.481925, 0.239449
0.491979, 0.658157
0.492001, 0.657313
0.492058, 0.249224
0.492066, 0.248904
0.492073, 0.248557
0.492080, 0.242979
0.492088, 0.242565
0.492095, 0.242198
0.492102, 0.239867
0.492110, 0.239449
0.492117, 0.239027
0.502550, 0.667605
0.503810, 0.668719
0.503826, 0.250146
0.503835, 0.248302
0.503842, 0.244561
0.503850, 0.243960
0.503857, 0.243601
0.503864, 0.241281
0.503872, 0.240945
0.503879, 0.240564
0.512763, 0.677425
0.512786, 0.677201
0.512793, 0.248999
0.512801, 0.239982
0.512808, 0.239440
0.512858, 0.239005
0.523127, 0.687402
0.523164, 0.687158
0.523175, 0.248756
0.523183, 0.242952
0.523192, 0.240542
0.523200, 0.240176
0.523207, 0.239837
0.523215, 0.239456
0.534609, 0.698361
0.534633, 0.698157
0.534641, 0.250531
0.534648, 0.250122
0.534656, 0.248416
0.534663, 0.244121
0.534670, 0.241788
0.534677, 0.241329
0.534685, 0.240921
0.534692, 0.240571
0.544910, 0.706201
0.544929, 0.706094
0.544934, 0.250451
0.544939, 0.250108
0.544944, 0.248377
0.544948, 0.248035
0.555113, 0.716132
0.555139, 0.633983
0.555148, 0.253019
0.555156, 0.251491
0.555166, 0.251239
0.566767, 0.645217
0.567741, 0.644723
0.567754, 0.263605
0.567758, 0.263360
0.567762, 0.263127
0.567766, 0.262915
0.567771, 0.262648
0.567775, 0.261491
0.567779, 0.261279
0.567784, 0.261029
0.567788, 0.260745
0.567792, 0.259779
0.567796, 0.259525
0.567800, 0.256772
0.567804, 0.255732
0.567808, 0.255478
0.575434, 0.262134
0.575881, 0.262284
0.575889, 0.650428
0.575894, 0.649702
0.575942, 0.262090
0.575947, 0.261843
0.575951, 0.261634
0.575955, 0.261392
0.575960, 0.261153
0.575964, 0.260914
0.575969, 0.260678
0.575973, 0.259558
0.575978, 0.259244
0.575982, 0.259006
0.575986, 0.258743
0.575991, 0.257614
0.585452, 0.266103
0.585471, 0.265780
0.585478, 0.264775
0.585483, 0.264535
0.585487, 0.658983
0.585491, 0.658683
0.585495, 0.263484
0.585500, 0.263224
0.585504, 0.262981
0.585508, 0.262089
0.585512, 0.261821
0.585518, 0.261585
0.585574, 0.261392
0.585579, 0.261088
0.585583, 0.260851
0.585587, 0.260616
0.595903, 0.270664
0.595923, 0.268451
0.595929, 0.268126
0.596014, 0.261107
0.596018, 0.260686
0.596023, 0.260506
0.596027, 0.668751
0.596031, 0.667994
0.596035, 0.260369
0.596040, 0.260226
0.596044, 0.258966
0.596048, 0.258797
0.596053, 0.258675
0.596058, 0.258495
0.596062, 0.258357
0.596067, 0.258222
0.605699, 0.267035
0.605774, 0.266961
0.605781, 0.265776
0.605785, 0.264073
0.605789, 0.263884
0.605836, 0.263794
0.605840, 0.263647
0.605844, 0.263523
0.605848, 0.676764
0.605852, 0.675737
0.605856, 0.263392
0.605935, 0.263346
0.605941, 0.263206
0.605946, 0.263090
0.605950, 0.262956
0.605954, 0.261404
0.615819, 0.271074
0.615837, 0.270940
0.615844, 0.270744
0.615848, 0.270603
0.615852, 0.270465
0.615857, 0.270113
0.615862, 0.269977
0.615866, 0.269842
0.615870, 0.269708
0.615874, 0.268277
0.615878, 0.684889
0.615883, 0.684006
0.615887, 0.268108
0.615936, 0.268006
0.615942, 0.267868
0.615947, 0.267026
0.625968, 0.274670
0.625988, 0.274433
0.625994, 0.274272
0.625998, 0.274145
0.626002, 0.274001
0.626007, 0.273880
0.626011, 0.273760
0.626015, 0.273608
0.626020, 0.273464
0.626024, 0.692871
0.626028, 0.692503
0.626032, 0.273332
0.626036, 0.273197
0.626040, 0.273054
0.626044, 0.272767
0.626051, 0.271318
0.638933, 0.284051
0.638952, 0.283928
0.638960, 0.283794
0.638967, 0.283660
0.638973, 0.283496
0.638977, 0.283351
0.639079, 0.283314
0.639084, 0.283182
0.639088, 0.283049
0.639092, 0.282915
0.639097, 0.282782
0.639101, 0.702231
0.639104, 0.701867
0.639109, 0.282601
0.639112, 0.282260
0.639117, 0.281280
0.646486, 0.288523
0.646506, 0.288400
0.646511, 0.288263
0.646516, 0.288130
0.646521, 0.287306
0.646525, 0.708932
0.646529, 0.708595
0.646534, 0.284118
0.646538, 0.283910
0.646542, 0.283777
0.646546, 0.283625
0.646550, 0.283483
0.646554, 0.283343
0.646558, 0.283208
0.646605, 0.281975
0.646611, 0.280814
0.656862, 0.290631
0.656913, 0.288295
0.656977, 0.288185
0.656981, 0.283730
0.656985, 0.281647
0.656989, 0.281454
0.656993, 0.281303
0.656997, 0.718799
0.657001, 0.717643
0.657006, 0.281104
0.657009, 0.280953
0.657013, 0.280818
0.657017, 0.280676
0.657021, 0.280487
0.657025, 0.280333
0.667048, 0.726484
0.667069, 0.726021
0.677802, 0.300953
0.677915, 0.300927
0.677930, 0.735986
0.677936, 0.633087
0.677940, 0.294842
0.677944, 0.294712
0.677993, 0.294617
0.677998, 0.294443
0.678002, 0.294304
0.678006, 0.294162
0.678010, 0.291329
0.678014, 0.291086
0.678018, 0.290951
0.678021, 0.290793
0.678025, 0.290656
0.678030, 0.290509
0.687750, 0.294605
0.687771, 0.294471
0.687778, 0.294301
0.687782, 0.294143
0.687787, 0.640882
0.687791, 0.638062
0.687795, 0.294003
0.687799, 0.293822
0.687803, 0.293683
0.687807, 0.291203
0.687811, 0.291041
0.687815, 0.290897
0.687819, 0.285558
0.687823, 0.284335
0.687827, 0.284202
0.698250, 0.646688
0.698270, 0.645634
0.708509, 0.652894
0.708529, 0.650998
0.718614, 0.660876
0.718633, 0.660730
0.718639, 0.314896
0.718643, 0.314783
0.718648, 0.314666
0.718652, 0.314553
0.718656, 0.314421
0.718660, 0.302047
0.718664, 0.301579
0.718668, 0.301221
0.718672, 0.300659
0.718676, 0.300362
0.718681, 0.300083
0.718685, 0.299828
0.718689, 0.299520
0.718694, 0.299133
0.728705, 0.308838
0.728725, 0.308492
0.728731, 0.667922
0.728736, 0.664776
0.728843, 0.308199
0.728849, 0.307942
0.728853, 0.306105
0.728857, 0.304923
0.728861, 0.304635
0.728866, 0.304366
0.728900, 0.303958
0.728905, 0.303690
0.728909, 0.303291
0.728913, 0.302908
0.728918, 0.302656
0.728923, 0.302376
0.738979, 0.312179
0.738999, 0.311873
0.739006, 0.311626
0.739011, 0.311294
0.739017, 0.671780
0.749307, 0.679817
0.749326, 0.321173
0.749332, 0.319301
0.749337, 0.318475
0.749342, 0.318163
0.749347, 0.316607
0.749352, 0.316298
0.749356, 0.315366
0.749451, 0.315143
0.749455, 0.314816
0.749460, 0.314490
0.749464, 0.314234
0.749468, 0.313955
0.749472, 0.313502
0.749477, 0.313247
0.749482, 0.312947
0.759631, 0.322817
0.759649, 0.689971
0.759655, 0.689804
0.759659, 0.322527
0.759663, 0.322273
0.760515, 0.322762
0.760525, 0.322322
0.760529, 0.322069
0.760533, 0.320431
0.760537, 0.320143
0.760541, 0.319806
0.760546, 0.319394
0.760550, 0.318999
0.760554, 0.315721
0.760558, 0.315365
0.760563, 0.315028
0.769988, 0.323944
0.770007, 0.323691
0.770015, 0.323385
0.770019, 0.699997
0.770024, 0.698280
0.770028, 0.323138
0.770032, 0.322784
0.770036, 0.322446
0.770041, 0.321834
0.770045, 0.319487
0.770049, 0.695994
0.770055, 0.695769
0.780031, 0.328989
0.780049, 0.328556
0.780055, 0.328218
0.780059, 0.703740
0.780065, 0.703451
0.789406, 0.336587
0.789564, 0.336411
0.789575, 0.334990
0.789579, 0.334598
0.789583, 0.334262
0.789587, 0.333980
0.789591, 0.333075
0.789595, 0.332476
0.789647, 0.332132
0.789651, 0.331828
0.789655, 0.331346
0.789659, 0.331083
0.789663, 0.330824
0.789667, 0.317763
0.789733, 0.317574
0.789738, 0.317326
0.800853, 0.722458
0.800908, 0.719797
0.800914, 0.328047
0.800919, 0.327784
0.800924, 0.327402
0.800928, 0.326936
0.800932, 0.326668
0.800937, 0.325719
0.800941, 0.325378
0.800945, 0.325098
0.800949, 0.717941
0.800954, 0.618393
0.809681, 0.333501
0.809779, 0.333145
0.809785, 0.332708
0.809789, 0.332047
0.809834, 0.331317
0.809839, 0.330874
0.809844, 0.330577
0.809847, 0.328225
0.809851, 0.327732
0.809855, 0.327459
0.809922, 0.327283
0.809927, 0.326211
0.809931, 0.325650
0.809935, 0.314071
0.809939, 0.313731
0.809943, 0.313440
0.820245, 0.636573
0.820264, 0.636226
0.820270, 0.323477
0.820274, 0.323156
0.820279, 0.322796
0.820283, 0.322540
0.820288, 0.322256
0.820293, 0.321959
0.820298, 0.636100
0.820302, 0.634650
0.830453, 0.331783
0.830472, 0.331535
0.830477, 0.331225
0.830668, 0.644598
0.830673, 0.642042
0.843456, 0.343926
0.843475, 0.341843
0.843481, 0.341437
0.843486, 0.341139
0.843490, 0.340732
0.843496, 0.340480
0.843501, 0.340233
0.843505, 0.339945
0.843511, 0.339659
0.843516, 0.339425
0.843520, 0.337707
0.843525, 0.337279
0.843529, 0.328799
0.843533, 0.325466
0.843538, 0.325097
0.843542, 0.324703
0.855160, 0.665561
0.855180, 0.664649
0.855186, 0.663491
0.855191, 0.336002
0.855195, 0.335706
0.855200, 0.334692
0.855246, 0.333526
0.855251, 0.331693
0.855256, 0.326045
0.855261, 0.325622
0.855265, 0.323320
0.855270, 0.662056
0.868169, 0.335253
0.868255, 0.334939
0.868260, 0.334192
0.868264, 0.330791
0.868269, 0.330588
0.868273, 0.330363
0.868277, 0.330118
0.868282, 0.329354
0.868286, 0.329133
0.868290, 0.328919
0.868294, 0.328760
0.868298, 0.328454
0.868302, 0.325518
0.868306, 0.323950
0.868311, 0.323761
0.868316, 0.322351
0.877298, 0.681805
0.877317, 0.681644
0.877323, 0.681277
0.877419, 0.329653
0.877425, 0.329362
0.877430, 0.329151
0.877434, 0.327846
0.877438, 0.327576
0.877442, 0.326530
0.877445, 0.324357
0.877449, 0.324203
0.877454, 0.679414
0.877458, 0.678967
0.893535, 0.339290
0.893554, 0.339071
0.893560, 0.335657
0.893565, 0.335473
0.893569, 0.335186
0.893573, 0.334971
0.893577, 0.334171
0.893581, 0.333554
0.893585, 0.332819
0.893590, 0.331269
0.893593, 0.330900
0.893597, 0.329938
0.893601, 0.328898
0.893605, 0.322487
0.893610, 0.322106
0.893660, 0.321855
0.896770, 0.697874
0.896788, 0.697497
0.896797, 0.324165
0.896810, 0.323260
0.896818, 0.321584
0.896826, 0.321326
0.896834, 0.319009
0.896841, 0.696329
0.896847, 0.695519
0.907050, 0.328977
0.907071, 0.328698
0.907077, 0.327966
0.907082, 0.703456
0.907087, 0.702752
0.917297, 0.337155
0.917317, 0.336370
0.917323, 0.334064
0.917327, 0.333754
0.917332, 0.333529
0.917336, 0.332129
0.917341, 0.330495
0.917346, 0.328687
0.917350, 0.328405
0.917445, 0.328326
0.917450, 0.328151
0.917514, 0.326721
0.917519, 0.326484
0.917523, 0.318199
0.917527, 0.318013
0.917531, 0.316869
0.928840, 0.720859
0.928859, 0.719904
0.928892, 0.328078
0.928916, 0.327755
0.928921, 0.327545
0.928925, 0.326990
0.928929, 0.325417
0.928935, 0.325127
0.928939, 0.324456
0.928943, 0.624669
0.928947, 0.624419
0.938847, 0.321668
0.938867, 0.318897
0.938873, 0.317852
0.938877, 0.317509
0.938882, 0.314344
0.938886, 0.311537
0.938891, 0.309271
0.939004, 0.307412
0.939009, 0.303938
0.939013, 0.302501
0.939017, 0.302255
0.939022, 0.301038
0.939026, 0.300477
0.939031, 0.298976
0.939035, 0.298458
0.939040, 0.294984
0.949027, 0.644288
0.949048, 0.644075
0.949055, 0.304555
0.949059, 0.304118
0.949063, 0.303703
0.949568, 0.303129
0.949576, 0.302779
0.949581, 0.301408
0.949586, 0.301057
0.949590, 0.643446
0.949595, 0.643201
0.962094, 0.312931
0.962114, 0.301578
0.962120, 0.655496
0.962126, 0.655214
0.969157, 0.304430
0.969174, 0.302738
0.969179, 0.302217
0.969184, 0.301449
0.969188, 0.300028
0.969249, 0.299000
0.969254, 0.298371
0.969258, 0.294253
0.969262, 0.293056
0.969266, 0.292076
0.969271, 0.291005
0.969274, 0.290604
0.969279, 0.289899
0.969283, 0.288745
0.969287, 0.288357
0.969291, 0.287379
0.979268, 0.672119
0.979348, 0.671191
0.979353, 0.292302
0.979358, 0.291856
0.979363, 0.290681
0.979367, 0.290171
0.979371, 0.289738
0.979375, 0.289179
0.979379, 0.288713
0.979427, 0.288377
0.979432, 0.288060
0.979436, 0.671057
0.979441, 0.667526
0.989778, 0.298038
0.989796, 0.297810
0.989802, 0.292996
0.989806, 0.291570
0.989811, 0.291100
0.989815, 0.290735
0.989819, 0.290328
0.989823, 0.290012
0.989827, 0.289509
0.989831, 0.289107
0.989836, 0.288577
0.989840, 0.288160
0.990176, 0.288111
0.990190, 0.287126
0.990197, 0.285590
0.990207, 0.281969
0.999655, 0.687460
0.999673, 0.686524
0.999679, 0.291018
0.999683, 0.290599
0.999737, 0.290202
0.999743, 0.289821
0.999748, 0.289378
0.999752, 0.288995
0.999756, 0.288613
0.999761, 0.288279
0.999765, 0.686303
0.999769, 0.686043
1.011028, 0.697049
1.011046, 0.696835
1.020627, 0.706186
1.020646, 0.705960
1.031865, 0.319936
1.031889, 0.319716
1.031898, 0.319322
1.031905, 0.316605
1.031913, 0.316125
1.031921, 0.314964
1.031929, 0.314640
1.031937, 0.313535
1.031946, 0.313198
1.031953, 0.312897
1.031961, 0.312603
1.031968, 0.312162
1.031976, 0.311852
1.032049, 0.311538
1.032056, 0.311165
1.032064, 0.310836
1.041807, 0.726878
1.041831, 0.726660
1.041841, 0.320153
1.041849, 0.319794
1.041972, 0.319537
1.041984, 0.319157
1.041991, 0.315924
1.042000, 0.315726
1.042008, 0.315196
1.042015, 0.314007
1.042022, 0.313893
1.042029, 0.313051
1.042036, 0.312837
1.042043, 0.312485
1.042050, 0.312349
1.042057, 0.312133
1.052564, 0.322342
1.052588, 0.322154
1.052596, 0.736317
1.052604, 0.735992
1.052611, 0.321963
1.052666, 0.321806
1.052674, 0.321588
1.052682, 0.321383
1.052690, 0.321153
1.052774, 0.321094
1.052782, 0.320807
1.052789, 0.320595
1.052796, 0.320393
1.052804, 0.320142
1.052811, 0.319940
1.052818, 0.319708
1.062691, 0.329367
1.062718, 0.678730
1.062728, 0.675946
1.062736, 0.326651
1.062743, 0.326428
1.062750, 0.326081
1.062757, 0.324376
1.062764, 0.323510
1.062771, 0.323244
1.062780, 0.322960
1.062788, 0.322746
1.062795, 0.322499
1.062802, 0.322299
1.062809, 0.322079
1.062887, 0.321946
1.062895, 0.321718
1.072586, 0.330997
1.072610, 0.330802
1.072619, 0.330597
1.072626, 0.685682
1.072634, 0.685551
1.072641, 0.329152
1.072648, 0.326127
1.072656, 0.325834
1.072663, 0.322936
1.072671, 0.322784
1.072679, 0.322509
1.072688, 0.322290
1.072695, 0.322011
1.072702, 0.321694
1.072709, 0.685466
1.083366, 0.695981
1.083392, 0.332067
1.083403, 0.331764
1.083411, 0.331470
1.083420, 0.331184
1.083428, 0.330825
1.083436, 0.330654
1.083494, 0.330356
1.083503, 0.329975
1.083511, 0.329735
1.083518, 0.327559
1.083627, 0.327546
1.083642, 0.327438
1.083650, 0.327308
1.083658, 0.327024
1.083665, 0.326733
1.094126, 0.322594
1.094154, 0.701301
1.094162, 0.321842
1.094169, 0.320648
1.094176, 0.317503
1.094183, 0.317119
1.094190, 0.313807
1.094198, 0.312710
1.094205, 0.312265
1.094212, 0.311656
1.094219, 0.701056
1.094227, 0.700912
1.094234, 0.310617
1.094242, 0.310228
1.094250, 0.309937
1.104516, 0.711013
1.104600, 0.710945
1.104609, 0.319676
1.104616, 0.318959
1.104622, 0.317109
1.104628, 0.315277
1.104635, 0.314231
1.104642, 0.313907
1.104649, 0.313043
1.104656, 0.312633
1.104663, 0.311483
1.104670, 0.310760
1.104678, 0.309806
1.104685, 0.309415
1.104692, 0.304653
1.104700, 0.304004
1.113281, 0.311524
1.113629, 0.311531
1.113645, 0.719837
1.113653, 0.719660
1.113660, 0.311257
1.113667, 0.309813
1.113673, 0.309509
1.113679, 0.309126
1.113686, 0.308677
1.124200, 0.730064
1.124224, 0.727598
1.124232, 0.318862
1.124240, 0.313078
1.124248, 0.312376
1.133741, 0.736955
1.133765, 0.736832
1.134294, 0.322034
1.134310, 0.321646
1.134317, 0.321264
1.134323, 0.320779
1.134329, 0.320338
1.134335, 0.319959
1.134342, 0.319581
1.134348, 0.319223
1.134354, 0.318630
1.134361, 0.318116
1.134368, 0.316159
1.134376, 0.315796
1.134382, 0.312420
1.134389, 0.311722
1.144333, 0.321269
1.144357, 0.320522
1.144366, 0.742066
1.144375, 0.740861
1.154369, 0.750729
1.154394, 0.329913
1.154402, 0.329190
1.154409, 0.328754
1.154416, 0.328150
1.154422, 0.326016
1.154429, 0.320905
1.154436, 0.320259
1.154443, 0.319845
1.154450, 0.750692
1.154458, 0.319408
1.154464, 0.318909
1.154471, 0.318440
1.154479, 0.317999
1.154486, 0.317638
1.154494, 0.314650
1.166490, 0.323829
1.166510, 0.323197
1.166516, 0.322625
1.166521, 0.322026
1.166525, 0.321542
1.166529, 0.321141
1.166533, 0.320526
1.166537, 0.320145
1.166587, 0.319744
1.166593, 0.316046
1.166597, 0.762722
1.166601, 0.762604
1.176710, 0.772596
1.176729, 0.322991
1.176734, 0.322542
1.176738, 0.322016
1.176742, 0.321639
1.176747, 0.321169
1.176751, 0.320661
1.176755, 0.320186
1.176759, 0.319507
1.176763, 0.697775
1.176768, 0.695541
1.186779, 0.327486
1.186797, 0.325746
1.186802, 0.322604
1.186806, 0.322048
1.186810, 0.321671
1.186814, 0.321236
1.186818, 0.320766
1.186822, 0.320377
1.186826, 0.319842
1.186830, 0.318177
1.186878, 0.317183
1.186883, 0.316841
1.186887, 0.316537
1.186892, 0.316099
1.186895, 0.315086
1.186900, 0.314644
1.198107, 0.716461
1.198127, 0.715987
1.198132, 0.325525
1.198137, 0.325130
1.198142, 0.324764
1.198146, 0.324191
1.198150, 0.323829
1.198154, 0.715739
1.198158, 0.714788
1.209968, 0.335292
1.209987, 0.334913
1.209992, 0.334536
1.209997, 0.726261
1.210003, 0.714113
1.218577, 0.342680
1.220572, 0.344231
1.220589, 0.343819
1.220699, 0.343406
1.220706, 0.342991
1.220765, 0.340721
1.220769, 0.339886
1.220773, 0.339518
1.220777, 0.336850
1.220782, 0.336277
1.220786, 0.335853
1.220790, 0.335497
1.220794, 0.334985
1.220798, 0.326251
1.220804, 0.325798
1.220809, 0.325278
1.229938, 0.733709
1.229958, 0.733435
1.229964, 0.334016
1.229969, 0.332753
1.229973, 0.332224
1.229978, 0.325734
1.229982, 0.321731
1.229986, 0.318401
1.229992, 0.314943
1.229996, 0.314180
1.230000, 0.312852
1.230004, 0.733192
1.230008, 0.732872
1.239794, 0.322120
1.239813, 0.318618
1.239819, 0.317335
1.239824, 0.314770
1.239828, 0.312849
1.239833, 0.311642
1.239837, 0.310936
1.239841, 0.309448
1.239845, 0.308014
1.239849, 0.303763
1.239853, 0.302321
1.239857, 0.301742
1.239861, 0.301337
1.239865, 0.299983
1.239869, 0.299590
1.239873, 0.299132
1.249592, 0.752091
1.249718, 0.751952
1.249724, 0.306649
1.249729, 0.305533
1.249734, 0.305012
1.249739, 0.304225
1.249744, 0.303415
1.249748, 0.751698
1.249752, 0.751401
1.259638, 0.312236
1.259657, 0.311623
1.259662, 0.310803
1.259666, 0.760979
1.259671, 0.760717
1.269931, 0.320646
1.269951, 0.320129
1.269956, 0.319692
1.269961, 0.319306
1.269966, 0.318950
1.269970, 0.318596
1.269974, 0.318053
1.269979, 0.317696
1.269983, 0.314609
1.269987, 0.314174
1.269992, 0.313775
1.269996, 0.313310
1.270000, 0.312752
1.270065, 0.312403
1.270075, 0.311937
1.270079, 0.311579
1.281237, 0.781968
1.281323, 0.781776
1.281331, 0.322470
1.281520, 0.322198
1.281527, 0.321752
1.281532, 0.321274
1.281536, 0.320686
1.281541, 0.320232
1.281546, 0.319811
1.281551, 0.319378
1.281554, 0.779885
1.281559, 0.779491
1.290377, 0.327779
1.290395, 0.327171
1.290402, 0.324336
1.290406, 0.323886
1.290411, 0.323388
1.290415, 0.322919
1.290419, 0.322508
1.290423, 0.322143
1.290428, 0.321737
1.290432, 0.321318
1.290436, 0.320919
1.290440, 0.320452
1.290445, 0.320096
1.290450, 0.318898
1.290454, 0.318493
1.290458, 0.318113
1.300167, 0.797798
1.300185, 0.797405
1.300191, 0.327373
1.300195, 0.326972
1.300199, 0.326579
1.300203, 0.326236
1.300207, 0.323145
1.300211, 0.322635
1.300215, 0.322219
1.300219, 0.321865
1.300223, 0.696694
1.300227, 0.696339
1.310257, 0.693118
1.310276, 0.691557
1.320300, 0.700302
1.320322, 0.699260
1.330651, 0.351965
1.330726, 0.351700
1.330732, 0.351414
1.330737, 0.351039
1.330741, 0.350772
1.330745, 0.350509
1.330749, 0.350236
1.330753, 0.349952
1.330874, 0.349807
1.330880, 0.349545
1.330884, 0.349248
1.330888, 0.348962
1.330892, 0.348688
1.330896, 0.334776
1.330900, 0.333954
1.330905, 0.333530
1.340616, 0.719227
1.340847, 0.714277
1.340882, 0.343172
1.340890, 0.342282
1.340894, 0.341399
1.340898, 0.340409
1.340902, 0.339575
1.340906, 0.338687
1.340910, 0.337756
1.340914, 0.336879
1.340918, 0.335584
1.340923, 0.333191
1.340927, 0.332721
1.340931, 0.332377
1.340935, 0.332113
1.340939, 0.331121
1.351448, 0.341161
1.351532, 0.340248
1.351541, 0.723021
1.351549, 0.721573
1.351555, 0.339359
1.351563, 0.338411
1.351570, 0.337681
1.351578, 0.336742
1.351584, 0.335806
1.351591, 0.332091
1.351597, 0.331289
1.351605, 0.330326
1.351611, 0.329432
1.351618, 0.328523
1.351625, 0.327623
1.351632, 0.326719
1.361304, 0.335381
1.361484, 0.332643
1.361498, 0.332322
1.361506, 0.331992
1.361950, 0.727652
1.361962, 0.726607
1.361970, 0.332059
1.361977, 0.331772
1.361985, 0.330719
1.362039, 0.329948
1.362046, 0.328958
1.362052, 0.328070
1.362058, 0.327152
1.362064, 0.325993
1.362071, 0.323057
1.362078, 0.322731
1.371629, 0.331931
1.371739, 0.331759
1.371752, 0.331497
1.371760, 0.327622
1.371768, 0.326849
1.371776, 0.325743
1.371783, 0.735126
1.371791, 0.733949
1.371806, 0.325266
1.371814, 0.322027
1.371821, 0.321621
1.371828, 0.321349
1.371835, 0.320077
1.371843, 0.319774
1.371850, 0.733425
1.381762, 0.742887
1.381785, 0.329438
1.381794, 0.328754
1.381956, 0.328065
1.381966, 0.741624
1.392069, 0.748138
1.392094, 0.337229
1.392103, 0.335896
1.392260, 0.335695
1.392271, 0.334239
1.392278, 0.333766
1.392284, 0.332307
1.392289, 0.332020
1.392295, 0.330656
1.392301, 0.330285
1.392307, 0.329450
1.392314, 0.328405
1.392320, 0.327300
1.392326, 0.320931
1.392333, 0.319800
1.392341, 0.319405
1.402358, 0.328434
1.402383, 0.758224
1.402391, 0.757641
1.402398, 0.327137
1.402405, 0.326733
1.402411, 0.325873
1.402475, 0.324577
1.402482, 0.323969
1.402488, 0.321415
1.402575, 0.321096
1.402583, 0.320806
1.402590, 0.757424
1.412701, 0.767110
1.412728, 0.329620
1.412737, 0.329230
1.412743, 0.328933
1.412749, 0.327227
1.412756, 0.326939
1.412762, 0.325504
1.412768, 0.325087
1.412774, 0.323842
1.412780, 0.321793
1.412786, 0.321431
1.412792, 0.320134
1.412799, 0.319779
1.412806, 0.319458
1.412814, 0.315881
1.412821, 0.315003
1.422903, 0.323905
1.422927, 0.776352
1.422936, 0.774906
1.422994, 0.322408
1.423001, 0.322135
1.423008, 0.321845
1.423015, 0.320814
1.423021, 0.320003
1.423026, 0.319099
1.423033, 0.693236
1.433012, 0.702997
1.433038, 0.328220
1.433046, 0.327315
1.433054, 0.702816
1.443072, 0.712620
1.443098, 0.331690
1.443107, 0.331226
1.443469, 0.330794
1.443890, 0.330913
1.443903, 0.330550
1.443911, 0.329795
1.443917, 0.328713
1.443924, 0.328317
1.443930, 0.327868
1.443937, 0.327351
1.443943, 0.326192
1.443950, 0.323736
1.444219, 0.323565
1.444228, 0.321791
1.444235, 0.321423
1.453519, 0.330209
1.453544, 0.722879
1.453605, 0.722728
1.453615, 0.329859
1.453622, 0.328827
1.453628, 0.327939
1.453634, 0.326596
1.453641, 0.321327
1.453647, 0.320860
1.453654, 0.320481
1.453661, 0.320076
1.453669, 0.722566
1.463708, 0.732392
1.463734, 0.329740
1.463744, 0.329392
1.463751, 0.329026
1.463757, 0.328649
1.463764, 0.328251
1.463770, 0.327810
1.463777, 0.327190
1.463785, 0.325082
1.463792, 0.321293
1.463849, 0.320038
1.463856, 0.319680
1.463864, 0.319347
1.463871, 0.319030
1.463879, 0.318491
1.463888, 0.317866
1.474024, 0.326969
1.474047, 0.742492
1.474475, 0.742706
1.474488, 0.742495
1.474495, 0.327129
1.474502, 0.326423
1.474510, 0.325257
1.474584, 0.323784
1.474592, 0.320532
1.474599, 0.320098
1.474606, 0.319265
1.474613, 0.318811
1.484430, 0.752218
1.484450, 0.327656
1.484456, 0.327304
1.484461, 0.326965
1.484466, 0.325098
1.484471, 0.323344
1.484523, 0.319783
1.484529, 0.319155
1.484533, 0.318449
1.484537, 0.318096
1.484541, 0.317028
1.484545, 0.316674
1.484549, 0.315873
1.484553, 0.314335
1.484557, 0.312669
1.484561, 0.311458
1.494381, 0.320706
1.494520, 0.762054
1.494535, 0.761856
1.494540, 0.320417
1.494544, 0.320060
1.494550, 0.319634
1.494554, 0.319270
1.494559, 0.318800
1.494563, 0.318415
1.494567, 0.761678
1.504804, 0.771678
1.504822, 0.328295
1.504827, 0.327933
1.504832, 0.327548
1.504837, 0.768918
1.515092, 0.778907
1.515113, 0.337317
1.515118, 0.336274
1.515124, 0.335409
1.515128, 0.334999
1.515133, 0.333562
1.515139, 0.330979
1.515144, 0.330438
1.515149, 0.330032
1.515153, 0.329600
1.515157, 0.329109
1.515224, 0.328815
1.515229, 0.328418
1.515233, 0.319426
1.515237, 0.319070
1.515241, 0.318643
1.525054, 0.327572
1.525132, 0.788722
1.525138, 0.788449
1.525142, 0.326757
1.525146, 0.325942
1.525205, 0.325040
1.525209, 0.323460
1.525213, 0.322990
1.525258, 0.320457
1.525263, 0.319950
1.525267, 0.319506
1.525271, 0.786857
1.535508, 0.796141
1.535739, 0.796121
1.545312, 0.805474
1.545331, 0.689723
1.555549, 0.349321
1.555627, 0.349047
1.555634, 0.348236
1.555639, 0.347130
1.555643, 0.345447
1.555647, 0.340656
1.555651, 0.340171
1.555656, 0.339677
1.555660, 0.339299
1.555665, 0.338955
1.555670, 0.338542
1.555674, 0.338044
1.555678, 0.337250
1.555683, 0.336855
1.555687, 0.335124
1.555691, 0.334688
1.565719, 0.709601
1.565923, 0.709041
1.565931, 0.343235
1.565936, 0.340740
1.565940, 0.708662
1.565944, 0.340224
1.565948, 0.339779
1.565953, 0.339411
1.565958, 0.338604
1.565962, 0.338057
1.565967, 0.337646
1.565971, 0.337263
1.565975, 0.336847
1.565980, 0.335888
1.565984, 0.333325
1.565988, 0.331933
1.575965, 0.339843
1.575986, 0.339380
1.575991, 0.338880
1.576044, 0.716721
1.576056, 0.338524
1.576061, 0.338084
1.576065, 0.337717
1.576069, 0.337363
1.576073, 0.336962
1.576120, 0.332332
1.576125, 0.331881
1.576130, 0.331480
1.576134, 0.330566
1.576138, 0.329617
1.576142, 0.328830
1.576146, 0.327959
1.586107, 0.336986
1.586123, 0.334807
1.586129, 0.333441
1.586133, 0.333051
1.586137, 0.721985
1.586141, 0.721410
1.586144, 0.332774
1.586149, 0.331966
1.586153, 0.331695
1.586157, 0.330716
1.586161, 0.329228
1.586165, 0.328941
1.586170, 0.328029
1.586174, 0.327158
1.586178, 0.325421
1.586182, 0.324600
1.595927, 0.333009
1.595943, 0.332652
1.595988, 0.332381
1.595996, 0.325083
1.596006, 0.323016
1.596015, 0.322703
1.596022, 0.730912
1.596029, 0.730476
1.596035, 0.322428
1.596042, 0.320112
1.596049, 0.319808
1.596056, 0.319512
1.596063, 0.318775
1.596071, 0.730044
1.596079, 0.729658
1.606387, 0.328113
1.606404, 0.327234
1.606409, 0.326338
1.606413, 0.739454
1.606417, 0.739001
1.616641, 0.335814
1.616661, 0.334631
1.616665, 0.332771
1.616669, 0.332424
1.616673, 0.331072
1.616677, 0.330659
1.616681, 0.330365
1.616798, 0.329480
1.616802, 0.328577
1.616806, 0.327661
1.616811, 0.326877
1.616815, 0.325699
1.616819, 0.324754
1.616823, 0.321285
1.616826, 0.320363
1.616830, 0.319498
1.627731, 0.758064
1.627757, 0.757739
1.627766, 0.329530
1.627774, 0.328787
1.627780, 0.327709
1.627787, 0.326680
1.627794, 0.325330
1.629390, 0.326435
1.629410, 0.325795
1.629419, 0.322689
1.629426, 0.322367
1.629434, 0.759107
1.629442, 0.757661
1.638086, 0.330732
1.638104, 0.330372
1.639380, 0.331305
1.639392, 0.329247
1.639400, 0.328891
1.639407, 0.327732
1.639415, 0.326898
1.639422, 0.325512
1.639430, 0.325213
1.639437, 0.324939
1.639444, 0.323181
1.639451, 0.322891
1.639524, 0.319653
1.639546, 0.318732
1.639554, 0.317709
1.639562, 0.316858
1.647186, 0.774954
1.647210, 0.774627
1.647219, 0.323215
1.647226, 0.322669
1.647234, 0.320599
1.647241, 0.320339
1.647248, 0.319545
1.647256, 0.774273
1.647264, 0.773910
1.657953, 0.329887
1.657978, 0.328968
1.658037, 0.328151
1.658045, 0.784264
1.668815, 0.794518
1.668834, 0.338086
1.668840, 0.336840
1.668845, 0.335925
1.668850, 0.334411
1.668949, 0.334239
1.668954, 0.333648
1.668958, 0.332315
1.668962, 0.331671
1.668966, 0.330826
1.668969, 0.329863
1.668973, 0.329154
1.668978, 0.328262
1.668982, 0.324754
1.668985, 0.324422
1.668990, 0.323549
1.677819, 0.331439
1.678661, 0.804010
1.678676, 0.698180
1.678685, 0.331415
1.678693, 0.330432
1.678701, 0.329645
1.678755, 0.328772
1.678763, 0.327979
1.678771, 0.326744
1.678778, 0.325894
1.678785, 0.324125
1.678792, 0.698008
1.678800, 0.697750
1.688275, 0.706956
1.688302, 0.333357
1.688312, 0.331443
1.688320, 0.330558
1.688328, 0.330082
1.688333, 0.329559
1.688339, 0.329246
1.688347, 0.328464
1.688357, 0.327577
1.688365, 0.326115
1.688372, 0.325348
1.688379, 0.324921
1.688384, 0.322425
1.688388, 0.321072
1.688392, 0.316581
1.688400, 0.315446
1.698440, 0.325254
1.698468, 0.716850
1.698532, 0.325004
1.698542, 0.322907
1.698551, 0.322682
1.698560, 0.322358
1.698568, 0.320620
1.698577, 0.716668
1.698585, 0.716397
1.708379, 0.330137
1.708402, 0.329550
1.708411, 0.328530
1.708418, 0.725867
1.708425, 0.714058
1.718675, 0.335238
1.718700, 0.334860
1.718709, 0.330444
1.718717, 0.330222
1.718723, 0.330096
1.718729, 0.329983
1.718736, 0.329560
1.718743, 0.329277
1.718750, 0.329066
1.718756, 0.328851
1.718762, 0.328563
1.718768, 0.326675
1.721682, 0.329371
1.721707, 0.327833
1.721715, 0.327649
1.721723, 0.327458
1.728910, 0.731991
1.728936, 0.731593
1.728945, 0.331386
1.728952, 0.331030
1.728960, 0.330831
1.728967, 0.330659
1.728974, 0.330116
1.728982, 0.329109
1.728989, 0.328330
1.728996, 0.326643
1.729003, 0.731318
1.729011, 0.730976
1.740771, 0.337943
1.740797, 0.336570
1.740807, 0.336405
1.740814, 0.329820
1.740820, 0.329616
1.740827, 0.326291
1.740834, 0.325773
1.740967, 0.324419
1.740984, 0.320460
1.741048, 0.319908
1.741056, 0.307983
1.741150, 0.300175
1.741159, 0.299672
1.741167, 0.298678
1.741174, 0.295556
1.741182, 0.291993
1.749240, 0.750342
1.749264, 0.749472
1.749273, 0.748437
1.749282, 0.299077
1.749289, 0.298374
1.749296, 0.297697
1.749304, 0.296523
1.749312, 0.294082
1.749319, 0.288957
1.749326, 0.287720
1.749334, 0.285958
1.760143, 0.758476
1.760168, 0.757675
1.760177, 0.294586
1.760185, 0.289780
1.760192, 0.288446
1.760199, 0.287628
1.760252, 0.287075
1.760260, 0.286277
1.760268, 0.284757
1.760275, 0.284181
1.760282, 0.282091
1.760290, 0.279397
1.760296, 0.278775
1.760303, 0.278247
1.760310, 0.277753
1.760317, 0.277262
1.770419, 0.286703
1.770445, 0.284638
1.770453, 0.767013
1.770461, 0.279552
1.770467, 0.278723
1.770473, 0.278176
1.770479, 0.277656
1.770485, 0.277113
1.770492, 0.276373
1.770501, 0.766187
1.784904, 0.777298
1.784930, 0.288565
1.784938, 0.287985
1.784946, 0.286112
1.784954, 0.776770
1.790533, 0.781999
1.790557, 0.781752
1.790566, 0.288669
1.790711, 0.288224
1.790722, 0.287696
1.790729, 0.287154
1.790737, 0.286638
1.790744, 0.278857
1.790752, 0.278100
1.790759, 0.277579
1.790767, 0.276790
1.790776, 0.276268
1.790783, 0.262823
1.790790, 0.257400
1.790798, 0.256703
1.790806, 0.256011
1.800458, 0.263142
1.801128, 0.263030
1.801146, 0.697894
1.801154, 0.262303
1.801161, 0.257051
1.801169, 0.697008
1.811092, 0.705991
1.811251, 0.260497
1.811398, 0.257442
1.811410, 0.256901
1.811417, 0.256393
1.811423, 0.255830
1.811431, 0.255340
1.811438, 0.252402
1.811445, 0.705424
1.820748, 0.709264
1.820773, 0.256760
1.820781, 0.256026
1.820789, 0.255551
1.820796, 0.253304
1.820813, 0.251612
1.820821, 0.708917
1.831336, 0.718639
1.831361, 0.256070
1.831369, 0.255426
1.831377, 0.255095
1.831384, 0.253401
1.831392, 0.251844
1.831400, 0.718403
1.841453, 0.728082
1.842463, 0.257396
1.842482, 0.256671
1.842489, 0.256234
1.842626, 0.254902
1.842940, 0.728798
1.851981, 0.736758
1.852014, 0.260723
1.852024, 0.258280
1.852033, 0.256653
1.852042, 0.256054
1.852050, 0.255458
1.852066, 0.255164
1.852074, 0.253615
1.852081, 0.736381
1.861974, 0.745889
1.862204, 0.262118
1.862214, 0.257974
1.862223, 0.256306
1.862231, 0.255674
1.862239, 0.255027
1.862246, 0.252916
1.862254, 0.745638
1.873803, 0.755433
1.873828, 0.259723
1.873974, 0.259006
1.873987, 0.257820
1.873994, 0.256878
1.874051, 0.254723
1.874059, 0.753798
1.893312, 0.771266
1.893343, 0.770880
1.893357, 0.271375
1.895373, 0.270455
1.895443, 0.269319
1.895453, 0.267338
1.895457, 0.266916
1.895462, 0.265734
1.895466, 0.772534
1.895470, 0.263224
1.895474, 0.259978
1.895478, 0.259315
1.895482, 0.772143
1.903502, 0.779122
1.903520, 0.254390
1.903526, 0.253528
1.903530, 0.252460
1.903535, 0.778239
1.912963, 0.260435
1.912981, 0.258889
1.912986, 0.258366
1.912993, 0.257936
1.912997, 0.257486
1.913127, 0.256522
1.913132, 0.256065
1.913136, 0.255340
1.913140, 0.254910
1.913144, 0.253741
1.913148, 0.253424
1.913152, 0.253061
1.913156, 0.252758
1.913160, 0.252182
1.913164, 0.786617
1.913168, 0.784384
1.923415, 0.260409
1.923503, 0.257405
1.923517, 0.256208
1.924079, 0.256250
1.924088, 0.255164
1.924093, 0.254854
1.924098, 0.254387
1.924102, 0.254024
1.924106, 0.253602
1.924110, 0.253177
1.924114, 0.696358
1.924119, 0.695824
1.932708, 0.261326
1.932831, 0.258941
1.934276, 0.259011
1.934448, 0.258869
1.934453, 0.258433
1.934457, 0.257982
1.934462, 0.257554
1.934466, 0.256164
1.934470, 0.255200
1.934475, 0.254806
1.934480, 0.254333
1.934484, 0.253883
1.934488, 0.253411
1.934491, 0.705807
1.934496, 0.705392
1.944717, 0.260693
1.944737, 0.259038
1.944742, 0.258589
1.944747, 0.258164
1.944751, 0.257801
1.944756, 0.257438
1.944760, 0.714695
1.944764, 0.256156
1.944768, 0.255141
1.944773, 0.254837
1.944777, 0.254517
1.944826, 0.254042
1.944831, 0.253634
1.944836, 0.253183
1.944841, 0.713957
1.954402, 0.260112
1.954420, 0.258617
1.954426, 0.258168
1.954431, 0.257785
1.954435, 0.257336
1.954439, 0.257051
1.954444, 0.256748
1.954448, 0.255913
1.954452, 0.255610
1.954456, 0.255303
1.954460, 0.255144
1.954464, 0.254949
1.954468, 0.253947
1.954473, 0.253752
1.954477, 0.253402
1.954482, 0.253149
1.964951, 0.732228
1.964970, 0.730878
1.964975, 0.263159
1.964979, 0.260677
1.965024, 0.260433
1.965030, 0.259120
1.965034, 0.258912
1.965039, 0.258608
1.965043, 0.258356
1.965047, 0.258104
1.965051, 0.257863
1.965110, 0.257638
1.965121, 0.256546
1.965125, 0.256177
1.965130, 0.254759
1.965135, 0.252069
1.975125, 0.261778
1.975144, 0.261624
1.975150, 0.738989
1.975155, 0.738430
1.975159, 0.261514
1.975163, 0.260881
1.975167, 0.260278
1.975171, 0.258634
1.975175, 0.257407
1.975179, 0.256992
1.975183, 0.256716
1.975187, 0.256004
1.975191, 0.255694
1.975239, 0.254042
1.975244, 0.253309
1.975249, 0.251990
1.985437, 0.261720
1.985457, 0.261592
1.985463, 0.261478
1.985468, 0.748331
1.985472, 0.747916
1.985477, 0.258675
1.985481, 0.258496
1.985486, 0.258377
1.985490, 0.258261
1.985494, 0.257135
1.985498, 0.256857
1.985503, 0.255529
1.985507, 0.255215
1.985511, 0.253438
1.985515, 0.251720
1.985520, 0.250243
1.995479, 0.259804
1.995499, 0.259525
1.995505, 0.757495
1.995595, 0.757224
1.995601, 0.257561
1.995649, 0.256809
1.995654, 0.256527
1.995658, 0.255942
1.995662, 0.255094
1.995666, 0.254755
1.995670, 0.253664
1.995674, 0.253322
1.995679, 0.253069
1.995683, 0.756952
1.995688, 0.756553
2.005500, 0.261860
2.005519, 0.260745
2.005526, 0.761706
2.005531, 0.761254
2.016303, 0.270337
2.016321, 0.269980
2.016326, 0.267244
2.016330, 0.266841
2.016334, 0.266687
2.016339, 0.266324
2.016343, 0.265939
2.016348, 0.264086
2.016353, 0.261488
2.016357, 0.261094
2.016361, 0.260609
2.016408, 0.259811
2.016414, 0.259362
2.016418, 0.257936
2.016422, 0.257629
2.016427, 0.257365
2.027231, 0.782254
2.027249, 0.781234
2.027255, 0.267241
2.027324, 0.780388
2.027328, 0.267033
2.027333, 0.266777
2.027337, 0.266524
2.027341, 0.266255
2.027346, 0.265151
2.029464, 0.267061
2.029482, 0.266791
2.029488, 0.266540
2.029493, 0.781683
2.036781, 0.272862
2.036802, 0.271277
2.036807, 0.271017
2.036814, 0.270773
2.036818, 0.270527
2.036823, 0.270279
2.036828, 0.270013
2.036975, 0.269909
2.036979, 0.269664
2.036983, 0.268430
2.036988, 0.268204
2.036992, 0.267807
2.036996, 0.267484
2.037000, 0.266603
2.037004, 0.266351
2.037009, 0.266111
2.046740, 0.798002
2.047996, 0.798404
2.048011, 0.276770
2.048016, 0.275884
2.048021, 0.275567
2.048026, 0.275310
2.048030, 0.275060
2.048034, 0.272335
2.048038, 0.271984
2.048043, 0.271725
2.048047, 0.696722
2.048051, 0.695749
2.058217, 0.703590
2.058303, 0.703375
2.068429, 0.711587
2.068586, 0.710849
2.081160, 0.722938
2.081195, 0.722438
2.099624, 0.740558
2.099643, 0.739780
2.099648, 0.323058
2.099655, 0.322765
2.099659, 0.322486
2.099664, 0.322187
2.099668, 0.321611
2.099672, 0.320329
2.099677, 0.319398
2.099681, 0.319105
2.099685, 0.318855
2.099689, 0.318589
2.099693, 0.318345
2.099697, 0.317320
2.099701, 0.317127
2.099706, 0.316970
2.109721, 0.326801
2.109742, 0.326494
2.109748, 0.749148
2.109752, 0.323592
2.109757, 0.323243
2.109762, 0.322987
2.109811, 0.322747
2.109815, 0.322504
2.109820, 0.322234
2.109824, 0.747601
2.109828, 0.321993
2.109832, 0.320917
2.109836, 0.320625
2.109840, 0.320174
2.109907, 0.319320
2.109914, 0.319075
2.120930, 0.329753
2.120954, 0.329557
2.120962, 0.329322
2.120968, 0.329056
2.120973, 0.328023
2.120979, 0.327774
2.120985, 0.327411
2.120990, 0.327246
2.120996, 0.327078
2.121001, 0.324694
2.121006, 0.758019
2.121011, 0.757679
2.121017, 0.324392
2.121022, 0.324138
2.121158, 0.323961
2.121166, 0.323654
2.130831, 0.333052
2.130850, 0.332803
2.130855, 0.331247
2.130859, 0.330965
2.130863, 0.330785
2.130867, 0.330606
2.130872, 0.329661
2.130876, 0.329356
2.130880, 0.329078
2.130884, 0.328798
2.130887, 0.327871
2.130891, 0.327674
2.130895, 0.766139
2.130899, 0.763617
2.130903, 0.327525
2.130907, 0.327340
2.141349, 0.337622
2.141438, 0.337303
2.141447, 0.336296
2.141453, 0.335981
2.141459, 0.335147
2.141465, 0.334893
2.141470, 0.334645
2.141766, 0.334641
2.141775, 0.334391
2.141780, 0.334105
2.141786, 0.333812
2.141792, 0.333568
2.141797, 0.333279
2.141803, 0.331753
2.141808, 0.770334
2.141814, 0.769985
2.151152, 0.778170
2.151175, 0.777894
2.151182, 0.776418
2.161838, 0.786179
2.161953, 0.351640
2.161962, 0.351462
2.162287, 0.350727
2.162295, 0.350425
2.162303, 0.350174
2.162310, 0.349933
2.162317, 0.349695
2.162324, 0.349263
2.162330, 0.349055
2.162337, 0.348124
2.162344, 0.347937
2.162408, 0.347842
2.162415, 0.347691
2.162422, 0.346622
2.162428, 0.345612
2.172246, 0.355086
2.172277, 0.796392
2.172287, 0.794532
2.172296, 0.619223
2.181993, 0.627757
2.182013, 0.627247
2.192521, 0.637235
2.192555, 0.636640
2.202558, 0.643728
2.202581, 0.643110
2.213014, 0.648528
2.213040, 0.647994
2.223759, 0.657646
2.223786, 0.654876
2.233513, 0.663998
2.233549, 0.658022
2.243575, 0.667452
2.243602, 0.667063
2.254014, 0.674688
2.254039, 0.670395
2.264800, 0.679452
2.265145, 0.679070
2.274687, 0.688276
2.274708, 0.686547
2.285140, 0.693604
2.285163, 0.691209
2.295208, 0.699505
2.295233, 0.624079
2.305536, 0.631798
2.305568, 0.631261
2.315603, 0.640158
2.315629, 0.639827
2.325763, 0.649523
2.325797, 0.649104
2.335986, 0.657975
2.346265, 0.667132
2.346415, 0.666899
2.356095, 0.676172
2.356119, 0.675751
2.366540, 0.685725
2.366563, 0.685267
2.376888, 0.692659
2.377183, 0.691253
2.386987, 0.700619
2.387015, 0.700213
2.397040, 0.709959
2.397217, 0.708835
2.407383, 0.717899
2.407404, 0.717628
2.417751, 0.727654
2.417780, 0.727148
2.428090, 0.652054
2.428111, 0.651810
2.438217, 0.661644
2.438243, 0.661369
2.448318, 0.671241
2.448343, 0.670883
2.459006, 0.680966
2.459033, 0.679714
2.468783, 0.688525
2.468808, 0.688250
2.479135, 0.698321
2.489618, 0.708535
2.489648, 0.708316
2.499569, 0.717213
2.499595, 0.717038
2.509750, 0.727030
2.509777, 0.726872
2.521140, 0.737911
2.521168, 0.735037
2.529725, 0.743229
2.529747, 0.742991
2.540186, 0.753138
2.540215, 0.752921
2.550351, 0.762782
e
